       1.0000000       0.96727633
       1.4949495       0.96661241
       1.9898990       0.94666248
       2.4848485       0.90720744
       2.9797980       0.91223338
       3.4747475       0.91980153
       3.9696970       0.92568279
       4.4646465       0.92995420
       4.9595960       0.93335512
       5.4545455       0.93617509
       5.9494949       0.93856725
       6.4444444       0.94061867
       6.9393939       0.94238443
       7.4343434       0.94390518
       7.9292929       0.94519737
       8.4242424       0.94628265
       8.9191919       0.94716004
       9.4141414       0.94780833
       9.9090909       0.94817998
       10.404040       0.94818140
       10.898990       0.94695000
       11.393939       0.86996856
       11.888889       0.88022571
       12.383838       0.88366448
       12.878788       0.84879512
       13.373737       0.84012976
       13.868687       0.83757334
       14.363636       0.84154648
       14.858586       0.84440743
       15.353535       0.84641842
       15.848485       0.84806751
       16.343434       0.84940772
       16.838384       0.85029531
       17.333333       0.85091239
       17.828283       0.85145430
       18.323232       0.85154243
       18.818182       0.85133625
       19.313131       0.85099306
       19.808081       0.85048574
       20.303030       0.84942763
       20.797980       0.84817691
       21.292929       0.84649198
       21.787879       0.84469793
       22.282828       0.84233184
       22.777778       0.83911680
       23.272727       0.83584598
       23.767677       0.83135661
       24.262626       0.82616567
       24.757576       0.81982555
       25.252525       0.81198426
       25.747475       0.80220308
       26.242424       0.78913900
       26.737374       0.77204430
       27.232323       0.74833462
       27.727273       0.71199612
       28.222222       0.64952713
       28.717172       0.54716137
       29.212121       0.43004164
       29.707071       0.33630236
       30.202020       0.26929858
       30.696970       0.22345554
       31.191919       0.18935615
       31.686869       0.16093840
       32.181818       0.14028914
       32.676768       0.12330074
       33.171717       0.10909335
       33.666667      0.096535055
       34.161616      0.085629692
       34.656566      0.076978178
       35.151515      0.071039176
       35.646465      0.067316560
       36.141414      0.060306834
       36.636364      0.051409888
       37.131313      0.047380322
       37.626263      0.047968086
       38.121212      0.044595923
       38.616162      0.034919482
       39.111111      0.035546467
       39.606061      0.038585621
       40.101010      0.029463434
       40.595960      0.026376110
       41.090909      0.032513699
       41.585859      0.023963316
       42.080808      0.019692525
       42.575758      0.028599971
       43.070707      0.018848929
       43.565657      0.018023359
       44.060606      0.024514756
       44.555556      0.012216547
       45.050505      0.019849054
       45.545455      0.018114778
       46.040404     0.0098656109
       46.535354      0.020224398
       47.030303      0.011070134
       47.525253      0.013403794
       48.020202      0.016695216
       48.515152     0.0064853640
       49.010101      0.016781769
       49.505051     0.0072931095
       50.000000      0.011238243
