  1.0000000E-04 -2.7500000E+01  6.0600000E+01
  1.5000006E-04 -1.4300000E+01  4.5200000E+01
  2.0000000E-04 -8.6900000E+00  3.5300000E+01
  2.5000000E-04 -5.8500000E+00  2.8800000E+01
  2.9999976E-04 -4.1600000E+00  2.4300000E+01
  3.4999958E-04 -3.1100000E+00  2.0800000E+01
  4.0000000E-04 -2.4200000E+00  1.8100000E+01
  4.5000018E-04 -2.0500000E+00  1.5800000E+01
  5.0000000E-04 -1.9800000E+00  1.4100000E+01
  6.0000097E-04 -1.7900000E+00  1.1600000E+01
  7.0000113E-04 -1.9300000E+00  9.7800000E+00
  8.0000000E-04 -2.1400000E+00  8.6100000E+00
  8.9999710E-04 -2.1900000E+00  7.8800000E+00
  1.0000000E-03 -2.1500000E+00  7.3100000E+00
  1.1000009E-03 -2.0400000E+00  6.8400000E+00
  1.1999961E-03 -1.9600000E+00  6.4100000E+00
  1.3000004E-03 -1.8500000E+00  6.0700000E+00
  1.4000007E-03 -1.7200000E+00  5.7400000E+00
  1.5000006E-03 -1.6500000E+00  5.3900000E+00
  1.6000000E-03 -1.6800000E+00  5.0800000E+00
  1.7000003E-03 -1.6900000E+00  4.9200000E+00
  1.7999994E-03 -1.6400000E+00  4.8100000E+00
  1.9000009E-03 -1.5700000E+00  4.6800000E+00
  2.0000000E-03 -1.5000000E+00  4.5700000E+00
  2.0999998E-03 -1.4000000E+00  4.4800000E+00
  2.2000018E-03 -1.2900000E+00  4.3800000E+00
  2.2999978E-03 -1.1800000E+00  4.2600000E+00
  2.4000015E-03 -1.0700000E+00  4.1400000E+00
  2.5000000E-03 -9.8000000E-01  4.0000000E+00
  2.6000008E-03 -9.1000000E-01  3.8600000E+00
  2.7000011E-03 -8.5000000E-01  3.7300000E+00
  2.7999982E-03 -8.1000000E-01  3.6100000E+00
  2.9000016E-03 -7.7000000E-01  3.5100000E+00
  2.9999976E-03 -7.3000000E-01  3.4300000E+00
  3.1000038E-03 -6.8000000E-01  3.3500000E+00
  3.1999959E-03 -6.2000000E-01  3.2600000E+00
  3.2999997E-03 -5.7000000E-01  3.1500000E+00
  3.4000005E-03 -5.3000000E-01  3.0500000E+00
  3.4999958E-03 -5.0000000E-01  2.9300000E+00
  3.5999988E-03 -5.2000000E-01  2.8100000E+00
  3.7000009E-03 -5.7000000E-01  2.7200000E+00
  3.8000018E-03 -6.1000000E-01  2.6900000E+00
  3.9000053E-03 -6.4000000E-01  2.6700000E+00
  4.0000000E-03 -6.4000000E-01  2.6800000E+00
  4.1000033E-03 -6.2000000E-01  2.7000000E+00
  4.2000068E-03 -5.8000000E-01  2.7100000E+00
  4.2999938E-03 -5.1000000E-01  2.7000000E+00
  4.3999957E-03 -4.5000000E-01  2.6800000E+00
  4.5000018E-03 -3.7000000E-01  2.6500000E+00
  4.5999955E-03 -3.1000000E-01  2.6000000E+00
  4.7000042E-03 -2.4000000E-01  2.5600000E+00
  4.7999938E-03 -1.8000000E-01  2.4900000E+00
  4.9000079E-03 -1.3000000E-01  2.4200000E+00
  5.0000000E-03 -1.0000000E-01  2.3500000E+00
  5.1000008E-03 -7.0000000E-02  2.2900000E+00
  5.2000017E-03 -4.0000000E-02  2.2200000E+00
  5.2999893E-03 -2.0000000E-02  2.1500000E+00
  5.3999904E-03  0.0000000E+00  2.0900000E+00
  5.5000044E-03  1.0000000E-02  2.0300000E+00
  5.5999964E-03  2.0000000E-02  1.9800000E+00
  5.6999940E-03  3.0000000E-02  1.9200000E+00
  5.7999897E-03  4.0000000E-02  1.8600000E+00
  5.8999886E-03  3.0000000E-02  1.8200000E+00
  6.0000097E-03  5.0000000E-02  1.7800000E+00
  6.0999970E-03  6.0000000E-02  1.7300000E+00
  6.1999920E-03  6.0000000E-02  1.6800000E+00
  6.2999888E-03  6.0000000E-02  1.6300000E+00
  6.3999917E-03  6.0000000E-02  1.5900000E+00
  6.5000157E-03  5.0000000E-02  1.5400000E+00
  6.6000170E-03  6.0000000E-02  1.5000000E+00
  6.6999919E-03  5.0000000E-02  1.4600000E+00
  6.7999824E-03  5.0000000E-02  1.4200000E+00
  6.9000061E-03  4.0000000E-02  1.3800000E+00
  7.0000113E-03  3.0000000E-02  1.3400000E+00
  7.0999885E-03  2.0000000E-02  1.3000000E+00
  7.2000186E-03  1.0000000E-02  1.2700000E+00
  7.2999835E-03  0.0000000E+00  1.2300000E+00
  7.3999797E-03 -2.0000000E-02  1.2000000E+00
  7.4999849E-03 -3.0000000E-02  1.1800000E+00
  7.5999804E-03 -3.0000000E-02  1.1400000E+00
  7.6999994E-03 -5.0000000E-02  1.1000000E+00
  7.7999862E-03 -8.0000000E-02  1.0600000E+00
  7.8999853E-03 -1.1000000E-01  1.0500000E+00
  8.0000000E-03 -1.3000000E-01  1.0300000E+00
  8.0999856E-03 -1.5000000E-01  1.0100000E+00
  8.2000066E-03 -1.8000000E-01  1.0000000E+00
  8.3000274E-03 -2.0000000E-01  9.9000000E-01
  8.4000136E-03 -2.2000000E-01  9.8000000E-01
  8.4999897E-03 -2.4000000E-01  9.7000000E-01
  8.5999875E-03 -2.6000000E-01  9.6000000E-01
  8.6999846E-03 -2.7000000E-01  9.5000000E-01
  8.8000227E-03 -2.9000000E-01  9.5000000E-01
  8.9000237E-03 -3.1000000E-01  9.4000000E-01
  8.9999710E-03 -3.3000000E-01  9.4000000E-01
  9.0999839E-03 -3.5000000E-01  9.4000000E-01
  9.1999911E-03 -3.6000000E-01  9.5000000E-01
  9.2999880E-03 -3.8000000E-01  9.5000000E-01
  9.3999727E-03 -3.9000000E-01  9.5000000E-01
  9.5000192E-03 -4.0000000E-01  9.6000000E-01
  9.5999876E-03 -4.2000000E-01  9.7000000E-01
  9.7000329E-03 -4.3000000E-01  9.8000000E-01
  9.8000158E-03 -4.4000000E-01  9.9000000E-01
  9.9000256E-03 -4.4000000E-01  1.0000000E+00
  1.0000000E-02 -4.5000000E-01  1.0100000E+00
  1.0200002E-02 -4.5000000E-01  1.0400000E+00
  1.0399960E-02 -4.4000000E-01  1.0700000E+00
  1.0600024E-02 -4.3000000E-01  1.0900000E+00
  1.0800028E-02 -4.1000000E-01  1.1200000E+00
  1.1000009E-02 -3.8000000E-01  1.1300000E+00
  1.1200043E-02 -3.4000000E-01  1.1400000E+00
  1.1400040E-02 -3.1000000E-01  1.1300000E+00
  1.1600034E-02 -2.8000000E-01  1.1200000E+00
  1.1799977E-02 -2.5000000E-01  1.1000000E+00
  1.1999961E-02 -2.4000000E-01  1.0800000E+00
  1.2399996E-02 -2.1000000E-01  0.0000000E+00
  1.2799997E-02 -1.9000000E-01  1.0100000E+00
  1.3200006E-02 -1.8000000E-01  9.6000000E-01
  1.3599995E-02 -1.7000000E-01  9.5000000E-01
  1.4000007E-02 -1.6000000E-01  9.1000000E-01
  1.4400004E-02 -1.7000000E-01  8.8000000E-01
  1.4799995E-02 -1.8000000E-01  8.7000000E-01
  1.5199998E-02 -1.9000000E-01  8.4000000E-01
  1.5599992E-02 -2.0000000E-01  8.3000000E-01
  1.6000000E-02 -2.1000000E-01  8.3000000E-01
  1.6399992E-02 -2.3000000E-01  8.2000000E-01
  1.6800004E-02 -2.5000000E-01  8.2000000E-01
  1.7199999E-02 -2.8000000E-01  8.3000000E-01
  1.7599995E-02 -3.0000000E-01  8.7000000E-01
  1.7999994E-02 -3.0000000E-01  9.3000000E-01
  1.8400009E-02 -2.7000000E-01  9.7000000E-01
  1.8800002E-02 -2.4000000E-01  1.0000000E+00
  1.9200005E-02 -2.0000000E-01  1.0300000E+00
  1.9600001E-02 -1.5000000E-01  1.0500000E+00
  2.0000000E-02 -1.0000000E-01  1.0600000E+00
  2.0499983E-02 -4.0000000E-02  1.0500000E+00
  2.0999998E-02  1.0000000E-02  1.0400000E+00
  2.1500006E-02  6.0000000E-02  1.0200000E+00
  2.2000018E-02  1.1000000E-01  1.0000000E+00
  2.2500009E-02  1.6000000E-01  9.9000000E-01
  2.3000020E-02  2.1000000E-01  9.6000000E-01
  2.3500021E-02  2.4000000E-01  9.2000000E-01
  2.4000015E-02  2.7000000E-01  8.7000000E-01
  2.4499991E-02  3.0000000E-01  8.3000000E-01
  2.5000000E-02  3.1000000E-01  7.9000000E-01
  2.5500004E-02  3.2000000E-01  7.6000000E-01
  2.6000008E-02  3.3000000E-01  7.2000000E-01
  2.6500003E-02  3.3000000E-01  6.9000000E-01
  2.7000011E-02  3.4000000E-01  6.6000000E-01
  2.7500022E-02  3.4000000E-01  6.3000000E-01
  2.7999982E-02  3.4000000E-01  6.1000000E-01
  2.8499970E-02  3.4000000E-01  5.9000000E-01
  2.9000016E-02  3.5000000E-01  5.7000000E-01
  2.9500013E-02  3.6000000E-01  5.5000000E-01
  2.9999976E-02  3.6000000E-01  5.3000000E-01
  3.0000000E-02  3.8246290E-01  5.1039601E-01
  3.0244587E-02  3.8309755E-01  4.9844316E-01
  3.0491169E-02  3.8244794E-01  4.8682003E-01
  3.0739760E-02  3.8170805E-01  4.7541816E-01
  3.0990378E-02  3.8046443E-01  4.6433249E-01
  3.1243040E-02  3.7919141E-01  4.5345566E-01
  3.1497761E-02  3.7791216E-01  4.4288403E-01
  3.1754560E-02  3.7663311E-01  4.3248012E-01
  3.2013451E-02  3.7599039E-01  4.2125201E-01
  3.2274454E-02  3.7523806E-01  4.1011100E-01
  3.2537584E-02  3.7307852E-01  3.9686060E-01
  3.2802860E-02  3.7073894E-01  3.8390135E-01
  3.3070298E-02  3.6619466E-01  3.7149464E-01
  3.3339917E-02  3.6155343E-01  3.5936753E-01
  3.3611735E-02  3.5555809E-01  3.4774945E-01
  3.3885768E-02  3.4946270E-01  3.3661862E-01
  3.4162035E-02  3.4208033E-01  3.2748390E-01
  3.4440555E-02  3.3494393E-01  3.1864017E-01
  3.4721345E-02  3.2857949E-01  3.1061705E-01
  3.5004425E-02  3.2229444E-01  3.0276311E-01
  3.5289814E-02  3.1597105E-01  2.9513834E-01
  3.5577528E-02  3.0964345E-01  2.8767670E-01
  3.5867588E-02  3.0295926E-01  2.8043068E-01
  3.6160013E-02  2.9619685E-01  2.7360574E-01
  3.6454821E-02  2.8885756E-01  2.6790387E-01
  3.6752034E-02  2.8184830E-01  2.6251768E-01
  3.7051670E-02  2.7555671E-01  2.5788119E-01
  3.7353749E-02  2.6947416E-01  2.5332477E-01
  3.7658290E-02  2.6375587E-01  2.4885064E-01
  3.7965315E-02  2.5814798E-01  2.4445386E-01
  3.8274843E-02  2.5265854E-01  2.4013605E-01
  3.8586893E-02  2.4719743E-01  2.3589321E-01
  3.8901488E-02  2.4168361E-01  2.3172677E-01
  3.9218649E-02  2.3614449E-01  2.2767324E-01
  3.9538394E-02  2.3046468E-01  2.2376997E-01
  3.9860747E-02  2.2489346E-01  2.2031573E-01
  4.0185728E-02  2.1943027E-01  2.1758001E-01
  4.0513358E-02  2.1422414E-01  2.1487919E-01
  4.0843660E-02  2.0935618E-01  2.1221134E-01
  4.1176655E-02  2.0461137E-01  2.0957724E-01
  4.1512364E-02  2.0000117E-01  2.0697523E-01
  4.1850810E-02  1.9546104E-01  2.0440598E-01
  4.2192015E-02  1.9098570E-01  2.0186823E-01
  4.2536004E-02  1.8649307E-01  1.9936230E-01
  4.2882795E-02  1.8196789E-01  1.9688728E-01
  4.3232413E-02  1.7737653E-01  1.9458829E-01
  4.3584884E-02  1.7271284E-01  1.9246924E-01
  4.3940227E-02  1.6818746E-01  1.9046679E-01
  4.4298468E-02  1.6379562E-01  1.8857461E-01
  4.4659628E-02  1.5937987E-01  1.8670118E-01
  4.5023734E-02  1.5495543E-01  1.8484653E-01
  4.5390808E-02  1.5032669E-01  1.8300998E-01
  4.5760876E-02  1.4556004E-01  1.8119190E-01
  4.6133959E-02  1.4042363E-01  1.7960348E-01
  4.6510085E-02  1.3505878E-01  1.7818013E-01
  4.6889278E-02  1.2839367E-01  1.7689524E-01
  4.7271560E-02  1.2095669E-01  1.7570085E-01
  4.7656962E-02  1.1146961E-01  1.7810070E-01
  4.8045504E-02  1.0089913E-01  1.8252272E-01
  4.8437214E-02  9.5514210E-02  1.9054512E-01
  4.8832118E-02  9.2857500E-02  2.0032008E-01
  4.9230242E-02  9.5049570E-02  2.1123598E-01
  4.9631612E-02  9.9451370E-02  2.2252632E-01
  5.0036254E-02  1.0629301E-01  2.2392868E-01
  5.0444194E-02  1.1404129E-01  2.2120208E-01
  5.0855461E-02  1.1842087E-01  2.1850705E-01
  5.1270080E-02  1.2148362E-01  2.1584646E-01
  5.1688080E-02  1.2346285E-01  2.1321710E-01
  5.2109489E-02  1.2504673E-01  2.1062169E-01
  5.2534332E-02  1.2607893E-01  2.0805579E-01
  5.2962640E-02  1.2692450E-01  2.0552293E-01
  5.3394438E-02  1.2741976E-01  2.0301869E-01
  5.3829759E-02  1.2780698E-01  2.0054685E-01
  5.4268627E-02  1.2794237E-01  1.9810353E-01
  5.4711075E-02  1.2800868E-01  1.9569213E-01
  5.5157127E-02  1.2787171E-01  1.9330755E-01
  5.5606818E-02  1.2768748E-01  1.9095412E-01
  5.6060176E-02  1.2731646E-01  1.8862685E-01
  5.6517228E-02  1.2691141E-01  1.8633016E-01
  5.6978009E-02  1.2629685E-01  1.8405994E-01
  5.7442544E-02  1.2565628E-01  1.8181985E-01
  5.7910868E-02  1.2468998E-01  1.7960423E-01
  5.8383010E-02  1.2370105E-01  1.7741800E-01
  5.8859001E-02  1.2201580E-01  1.7568161E-01
  5.9338873E-02  1.2031042E-01  1.7399084E-01
  5.9822655E-02  1.1902364E-01  1.7362124E-01
  6.0310386E-02  1.1776699E-01  1.7328649E-01
  6.0802088E-02  1.1707342E-01  1.7296672E-01
  6.1297804E-02  1.1638935E-01  1.7263582E-01
  6.1797559E-02  1.1581064E-01  1.7257646E-01
  6.2301389E-02  1.1526310E-01  1.7253188E-01
  6.2809326E-02  1.1558047E-01  1.7342718E-01
  6.3321402E-02  1.1595672E-01  1.7428404E-01
  6.3837656E-02  1.1758259E-01  1.7518772E-01
  6.4358118E-02  1.1931330E-01  1.7594404E-01
  6.4882823E-02  1.2271424E-01  1.7554474E-01
  6.5411806E-02  1.2597788E-01  1.7502054E-01
  6.5945104E-02  1.2882458E-01  1.7357174E-01
  6.6482748E-02  1.3172676E-01  1.7209519E-01
  6.7024774E-02  1.3546132E-01  1.7037104E-01
  6.7571221E-02  1.3904039E-01  1.6819886E-01
  6.8122122E-02  1.4225768E-01  1.6355177E-01
  6.8677518E-02  1.4520077E-01  1.5900846E-01
  6.9237435E-02  1.4724898E-01  1.5461367E-01
  6.9801924E-02  1.4926983E-01  1.5013077E-01
  7.0371012E-02  1.5138124E-01  1.4506443E-01
  7.0944741E-02  1.5305250E-01  1.3989811E-01
  7.1523145E-02  1.5342346E-01  1.3415712E-01
  7.2106268E-02  1.5352440E-01  1.2859366E-01
  7.2694144E-02  1.5289460E-01  1.2331421E-01
  7.3286810E-02  1.5209839E-01  1.1820301E-01
  7.3884310E-02  1.5088186E-01  1.1334789E-01
  7.4486683E-02  1.4955071E-01  1.0868810E-01
  7.5093964E-02  1.4794510E-01  1.0434173E-01
  7.5706199E-02  1.4627509E-01  1.0014302E-01
  7.6323425E-02  1.4445312E-01  9.6149413E-02
  7.6945682E-02  1.4257125E-01  9.2290894E-02
  7.7573015E-02  1.4055853E-01  8.8608696E-02
  7.8205455E-02  1.3848894E-01  8.5054225E-02
  7.8843059E-02  1.3630574E-01  8.1658859E-02
  7.9485859E-02  1.3405780E-01  7.8384558E-02
  8.0133902E-02  1.3169625E-01  7.5254420E-02
  8.0787224E-02  1.2921294E-01  7.2267870E-02
  8.1445876E-02  1.2655189E-01  6.9450554E-02
  8.2109892E-02  1.2395257E-01  6.7012534E-02
  8.2779329E-02  1.2141721E-01  6.5021729E-02
  8.3454221E-02  1.1901882E-01  6.3088433E-02
  8.4134613E-02  1.1676590E-01  6.1213774E-02
  8.4820555E-02  1.1458470E-01  5.9394143E-02
  8.5512088E-02  1.1247451E-01  5.7628845E-02
  8.6209264E-02  1.1040296E-01  5.5916197E-02
  8.6912120E-02  1.0836920E-01  5.4253854E-02
  8.7620703E-02  1.0636268E-01  5.2641863E-02
  8.8335068E-02  1.0438419E-01  5.1076468E-02
  8.9055254E-02  1.0241820E-01  4.9559217E-02
  8.9781311E-02  1.0046971E-01  4.8085139E-02
  9.0513290E-02  9.8504310E-02  4.6657104E-02
  9.1251238E-02  9.6538240E-02  4.5269049E-02
  9.1995201E-02  9.4605640E-02  4.4039875E-02
  9.2745226E-02  9.2706440E-02  4.2916986E-02
  9.3501368E-02  9.0888210E-02  4.1831996E-02
  9.4263677E-02  8.9128720E-02  4.0777005E-02
  9.5032203E-02  8.7416040E-02  3.9750524E-02
  9.5806988E-02  8.5741400E-02  3.8747869E-02
  9.6588091E-02  8.4101430E-02  3.7772594E-02
  9.7375564E-02  8.2492520E-02  3.6819674E-02
  9.8169462E-02  8.0911740E-02  3.5893065E-02
  9.8969829E-02  7.9358520E-02  3.4987423E-02
  9.9776722E-02  7.7829670E-02  3.4107053E-02
  1.0059019E-01  7.6326510E-02  3.3246354E-02
  1.0141029E-01  7.4848600E-02  3.2407120E-02
  1.0223708E-01  7.3396200E-02  3.1585504E-02
  1.0307061E-01  7.1951350E-02  3.0770000E-02
  1.0391093E-01  7.0526940E-02  2.9967454E-02
  1.0475811E-01  6.9103040E-02  2.9188890E-02
  1.0561219E-01  6.7698450E-02  2.8427327E-02
  1.0647323E-01  6.6291960E-02  2.7688950E-02
  1.0734130E-01  6.4905160E-02  2.6966501E-02
  1.0821645E-01  6.3503670E-02  2.6266143E-02
  1.0909873E-01  6.2120790E-02  2.5580634E-02
  1.0998819E-01  6.0680820E-02  2.4967393E-02
  1.1088492E-01  5.9256060E-02  2.4373954E-02
  1.1178896E-01  5.7897160E-02  2.3861735E-02
  1.1270036E-01  5.6567750E-02  2.3366436E-02
  1.1361919E-01  5.5273800E-02  2.2882535E-02
  1.1454552E-01  5.4004670E-02  2.2407502E-02
  1.1547940E-01  5.2727880E-02  2.1943537E-02
  1.1642089E-01  5.1473260E-02  2.1488020E-02
  1.1737006E-01  5.0121820E-02  2.1109543E-02
  1.1832696E-01  4.8792850E-02  2.0739430E-02
  1.1929167E-01  4.7574360E-02  2.0508865E-02
  1.2026424E-01  4.6380510E-02  2.0281717E-02
  1.2124475E-01  4.5265610E-02  2.0056789E-02
  1.2223325E-01  4.4171900E-02  1.9834634E-02
  1.2322980E-01  4.3104020E-02  1.9614678E-02
  1.2423448E-01  4.2053690E-02  1.9397417E-02
  1.2524735E-01  4.0988640E-02  1.9182286E-02
  1.2626848E-01  3.9942770E-02  1.8979869E-02
  1.2729794E-01  3.8905820E-02  1.8878630E-02
  1.2833579E-01  3.7896690E-02  1.8781948E-02
  1.2938210E-01  3.6966680E-02  1.8719633E-02
  1.3043694E-01  3.6059280E-02  1.8656687E-02
  1.3150037E-01  3.5199730E-02  1.8594715E-02
  1.3257249E-01  3.4359540E-02  1.8532189E-02
  1.3365334E-01  3.3551550E-02  1.8470725E-02
  1.3474300E-01  3.2760850E-02  1.8408747E-02
  1.3584155E-01  3.1994430E-02  1.8347617E-02
  1.3694905E-01  3.1242650E-02  1.8286052E-02
  1.3806558E-01  3.0506320E-02  1.8225332E-02
  1.3919122E-01  2.9777590E-02  1.8169287E-02
  1.4032603E-01  2.9042850E-02  1.8130103E-02
  1.4147009E-01  2.8332280E-02  1.8103437E-02
  1.4262349E-01  2.7663980E-02  1.8114321E-02
  1.4378628E-01  2.7016780E-02  1.8124096E-02
  1.4495856E-01  2.6403220E-02  1.8135053E-02
  1.4614039E-01  2.5807490E-02  1.8144969E-02
  1.4733186E-01  2.5237260E-02  1.8155807E-02
  1.4853304E-01  2.4683410E-02  1.8165762E-02
  1.4974401E-01  2.4151570E-02  1.8176567E-02
  1.5096486E-01  2.3636070E-02  1.8186256E-02
  1.5219567E-01  2.3141920E-02  1.8196054E-02
  1.5343650E-01  2.2661630E-02  1.8203399E-02
  1.5468746E-01  2.2197990E-02  1.8208411E-02
  1.5594861E-01  2.1747520E-02  1.8212980E-02
  1.5722004E-01  2.1312200E-02  1.8218060E-02
  1.5850184E-01  2.0890570E-02  1.8222795E-02
  1.5979409E-01  2.0484310E-02  1.8227903E-02
  1.6109688E-01  2.0091930E-02  1.8232704E-02
  1.6241028E-01  1.9714510E-02  1.8237666E-02
  1.6373440E-01  1.9352100E-02  1.8242458E-02
  1.6506931E-01  1.9005130E-02  1.8247283E-02
  1.6641510E-01  1.8686870E-02  1.8248485E-02
  1.6777187E-01  1.8396480E-02  1.8246168E-02
  1.6913970E-01  1.8107690E-02  1.8215489E-02
  1.7051868E-01  1.7820800E-02  1.8159774E-02
  1.7190890E-01  1.7529790E-02  1.8104323E-02
  1.7331046E-01  1.7236400E-02  1.8048894E-02
  1.7472344E-01  1.6946140E-02  1.7993857E-02
  1.7614794E-01  1.6659400E-02  1.7938859E-02
  1.7758406E-01  1.6376060E-02  1.7884144E-02
  1.7903189E-01  1.6096510E-02  1.7829293E-02
  1.8049152E-01  1.5817430E-02  1.7774920E-02
  1.8196305E-01  1.5540490E-02  1.7720435E-02
  1.8344657E-01  1.5263280E-02  1.7682129E-02
  1.8494219E-01  1.4988070E-02  1.7651832E-02
  1.8645001E-01  1.4731700E-02  1.7633360E-02
  1.8797012E-01  1.4486550E-02  1.7619626E-02
  1.8950262E-01  1.4262430E-02  1.7606780E-02
  1.9104762E-01  1.4049370E-02  1.7593223E-02
  1.9260521E-01  1.3856520E-02  1.7573406E-02
  1.9417550E-01  1.3673150E-02  1.7550091E-02
  1.9575860E-01  1.3492790E-02  1.7514322E-02
  1.9735460E-01  1.3315160E-02  1.7473400E-02
  1.9896361E-01  1.3142180E-02  1.7433250E-02
  2.0058574E-01  1.2972290E-02  1.7392430E-02
  2.0222110E-01  1.2809670E-02  1.7352495E-02
  2.0386979E-01  1.2650600E-02  1.7311828E-02
  2.0553192E-01  1.2500320E-02  1.7272094E-02
  2.0720760E-01  1.2353530E-02  1.7231574E-02
  2.0889694E-01  1.2216560E-02  1.7192147E-02
  2.1060006E-01  1.2082840E-02  1.7151885E-02
  2.1231706E-01  1.1960330E-02  1.7112579E-02
  2.1404806E-01  1.1840770E-02  1.7072348E-02
  2.1579317E-01  1.1740600E-02  1.7033333E-02
  2.1755252E-01  1.1643670E-02  1.6993367E-02
  2.1932620E-01  1.1564470E-02  1.6936870E-02
  2.2111435E-01  1.1487360E-02  1.6877982E-02
  2.2291707E-01  1.1406520E-02  1.6803446E-02
  2.2473449E-01  1.1325830E-02  1.6727444E-02
  2.2656673E-01  1.1246120E-02  1.6652458E-02
  2.2841390E-01  1.1166890E-02  1.6577177E-02
  2.3027614E-01  1.1093520E-02  1.6502886E-02
  2.3215356E-01  1.1020610E-02  1.6428262E-02
  2.3404629E-01  1.0956910E-02  1.6354619E-02
  2.3595444E-01  1.0893670E-02  1.6280663E-02
  2.3787816E-01  1.0842660E-02  1.6207725E-02
  2.3981756E-01  1.0792410E-02  1.6134500E-02
  2.4177276E-01  1.0758920E-02  1.6062146E-02
  2.4374392E-01  1.0729160E-02  1.5987501E-02
  2.4573114E-01  1.0751300E-02  1.5889020E-02
  2.4773456E-01  1.0769300E-02  1.5784319E-02
  2.4975431E-01  1.0765760E-02  1.5621583E-02
  2.5179053E-01  1.0756540E-02  1.5460677E-02
  2.5384336E-01  1.0715650E-02  1.5301283E-02
  2.5591292E-01  1.0673140E-02  1.5143675E-02
  2.5799935E-01  1.0623420E-02  1.4987581E-02
  2.6010280E-01  1.0572570E-02  1.4833219E-02
  2.6222339E-01  1.0517070E-02  1.4680291E-02
  2.6436127E-01  1.0460890E-02  1.4529057E-02
  2.6651659E-01  1.0402090E-02  1.4379261E-02
  2.6868947E-01  1.0343430E-02  1.4230890E-02
  2.7088007E-01  1.0285070E-02  1.4083154E-02
  2.7308852E-01  1.0226110E-02  1.3936148E-02
  2.7531499E-01  1.0165210E-02  1.3787834E-02
  2.7755961E-01  1.0103710E-02  1.3641174E-02
  2.7982252E-01  1.0040400E-02  1.3495957E-02
  2.8210389E-01  9.9775200E-03  1.3352369E-02
  2.8440386E-01  9.9153300E-03  1.3210233E-02
  2.8672258E-01  9.8544800E-03  1.3067877E-02
  2.8906020E-01  9.7962300E-03  1.2923138E-02
  2.9141688E-01  9.7362800E-03  1.2777360E-02
  2.9379277E-01  9.6729900E-03  1.2627964E-02
  2.9618803E-01  9.6073300E-03  1.2480371E-02
  2.9860282E-01  9.5374400E-03  1.2334449E-02
  3.0103730E-01  9.4665600E-03  1.2190286E-02
  3.0349163E-01  9.3939000E-03  1.2047779E-02
  3.0596597E-01  9.3200300E-03  1.1906967E-02
  3.0846048E-01  9.2442600E-03  1.1767759E-02
  3.1097533E-01  9.1653300E-03  1.1630208E-02
  3.1351068E-01  9.0822500E-03  1.1494243E-02
  3.1606670E-01  9.0001200E-03  1.1367363E-02
  3.1864357E-01  8.9189300E-03  1.1250552E-02
  3.2124144E-01  8.8413500E-03  1.1135804E-02
  3.2386049E-01  8.7674500E-03  1.1023121E-02
  3.2650089E-01  8.6964100E-03  1.0911588E-02
  3.2916282E-01  8.6280800E-03  1.0801197E-02
  3.3184645E-01  8.5617300E-03  1.0691913E-02
  3.3455196E-01  8.4971300E-03  1.0583741E-02
  3.3727953E-01  8.4344900E-03  1.0476651E-02
  3.4002934E-01  8.3734400E-03  1.0370656E-02
  3.4280157E-01  8.3145400E-03  1.0265714E-02
  3.4559639E-01  8.2572600E-03  1.0161852E-02
  3.4841401E-01  8.2027000E-03  1.0059016E-02
  3.5125460E-01  8.1499600E-03  9.9572466E-03
  3.5411834E-01  8.1028700E-03  9.8564878E-03
  3.5700543E-01  8.0590600E-03  9.7567862E-03
  3.5991607E-01  8.0172900E-03  9.6480403E-03
  3.6285043E-01  7.9765600E-03  9.5352763E-03
  3.6580871E-01  7.9323000E-03  9.4202729E-03
  3.6879111E-01  7.8864200E-03  9.3050469E-03
  3.7179784E-01  7.8373600E-03  9.1911715E-03
  3.7482906E-01  7.7870600E-03  9.0787505E-03
  3.7788500E-01  7.7361300E-03  8.9676335E-03
  3.8096587E-01  7.6851200E-03  8.8579387E-03
  3.8407184E-01  7.6339600E-03  8.7495303E-03
  3.8720315E-01  7.5829300E-03  8.6425256E-03
  3.9035998E-01  7.5321800E-03  8.5367476E-03
  3.9354254E-01  7.4816900E-03  8.4323396E-03
  3.9675106E-01  7.4319100E-03  8.3291160E-03
  3.9998573E-01  7.3824800E-03  8.2272336E-03
  4.0324678E-01  7.3343000E-03  8.1265348E-03
  4.0653440E-01  7.2865400E-03  8.0271571E-03
  4.0984884E-01  7.2408700E-03  7.9289059E-03
  4.1319030E-01  7.1957000E-03  7.8319445E-03
  4.1655900E-01  7.1552700E-03  7.7360635E-03
  4.1995517E-01  7.1155800E-03  7.6414484E-03
  4.2337902E-01  7.0813500E-03  7.5385256E-03
  4.2683079E-01  7.0476800E-03  7.4359420E-03
  4.3031070E-01  7.0091000E-03  7.3248280E-03
  4.3381899E-01  6.9701100E-03  7.2145181E-03
  4.3735586E-01  6.9232200E-03  7.1058208E-03
  4.4092159E-01  6.8760600E-03  6.9988071E-03
  4.4451638E-01  6.8266600E-03  6.8933552E-03
  4.4814048E-01  6.7774600E-03  6.7895392E-03
  4.5179412E-01  6.7265400E-03  6.6872365E-03
  4.5547755E-01  6.6759200E-03  6.5865224E-03
  4.5919102E-01  6.6240800E-03  6.4872750E-03
  4.6293475E-01  6.5725900E-03  6.3895681E-03
  4.6670902E-01  6.5203400E-03  6.2932993E-03
  4.7051405E-01  6.4684400E-03  6.1985218E-03
  4.7435011E-01  6.4160500E-03  6.1051289E-03
  4.7821744E-01  6.3640400E-03  6.0131810E-03
  4.8211630E-01  6.3118100E-03  5.9225800E-03
  4.8604695E-01  6.2599700E-03  5.8333781E-03
  4.9000964E-01  6.2080900E-03  5.7454840E-03
  4.9400465E-01  6.1566100E-03  5.6589465E-03
  4.9803221E-01  6.1053000E-03  5.5736899E-03
  5.0209263E-01  6.0544100E-03  5.4897457E-03
  5.0618614E-01  6.0038700E-03  5.4070359E-03
  5.1031303E-01  5.9537900E-03  5.3255992E-03
  5.1447356E-01  5.9042300E-03  5.2453705E-03
  5.1866801E-01  5.8551700E-03  5.1663713E-03
  5.2289666E-01  5.8068700E-03  5.0885310E-03
  5.2715978E-01  5.7591400E-03  5.0118856E-03
  5.3145766E-01  5.7124200E-03  4.9363798E-03
  5.3579060E-01  5.6664100E-03  4.8620295E-03
  5.4015884E-01  5.6217400E-03  4.7887804E-03
  5.4456269E-01  5.5786800E-03  4.7166503E-03
  5.4900248E-01  5.5392600E-03  4.6455901E-03
  5.5347844E-01  5.5015500E-03  4.5742788E-03
  5.5799088E-01  5.4674600E-03  4.5009553E-03
  5.6254014E-01  5.4326300E-03  4.4238435E-03
  5.6712647E-01  5.3961600E-03  4.3377451E-03
  5.7175020E-01  5.3569100E-03  4.2532693E-03
  5.7641162E-01  5.3124000E-03  4.1704877E-03
  5.8111104E-01  5.2668900E-03  4.0892707E-03
  5.8584880E-01  5.2194800E-03  4.0096695E-03
  5.9062516E-01  5.1715000E-03  3.9315854E-03
  5.9544047E-01  5.1224600E-03  3.8550561E-03
  6.0029505E-01  5.0730700E-03  3.7799882E-03
  6.0518918E-01  5.0230500E-03  3.7064006E-03
  6.1012323E-01  4.9728300E-03  3.6342307E-03
  6.1509750E-01  4.9222600E-03  3.5634856E-03
  6.2011236E-01  4.8715900E-03  3.4941046E-03
  6.2516807E-01  4.8207600E-03  3.4260797E-03
  6.3026499E-01  4.7699300E-03  3.3593751E-03
  6.3540350E-01  4.7190800E-03  3.2939716E-03
  6.4058388E-01  4.6682800E-03  3.2298422E-03
  6.4580650E-01  4.6175800E-03  3.1669552E-03
  6.5107168E-01  4.5669800E-03  3.1053019E-03
  6.5637982E-01  4.5165700E-03  3.0448402E-03
  6.6173121E-01  4.4663000E-03  2.9855671E-03
  6.6712623E-01  4.4163100E-03  2.9274311E-03
  6.7256526E-01  4.3664800E-03  2.8704442E-03
  6.7804860E-01  4.3169700E-03  2.8145455E-03
  6.8357667E-01  4.2676800E-03  2.7597576E-03
  6.8914980E-01  4.2187500E-03  2.7060115E-03
  6.9476838E-01  4.1700700E-03  2.6533413E-03
  7.0043275E-01  4.1217900E-03  2.6016686E-03
  7.0614333E-01  4.0737800E-03  2.5510336E-03
  7.1190046E-01  4.0262000E-03  2.5013520E-03
  7.1770450E-01  3.9789200E-03  2.4526679E-03
  7.2355589E-01  3.9321000E-03  2.4048948E-03
  7.2945494E-01  3.8856000E-03  2.3580925E-03
  7.3540215E-01  3.8395900E-03  2.3121645E-03
  7.4139779E-01  3.7939200E-03  2.2671678E-03
  7.4744233E-01  3.7487600E-03  2.2230043E-03
  7.5353617E-01  3.7039600E-03  2.1797451E-03
  7.5967965E-01  3.6596800E-03  2.1372848E-03
  7.6587326E-01  3.6158100E-03  2.0956970E-03
  7.7211733E-01  3.5724700E-03  2.0548726E-03
  7.7841235E-01  3.5295800E-03  2.0148883E-03
  7.8475869E-01  3.4872200E-03  1.9756346E-03
  7.9115676E-01  3.4453700E-03  1.9371955E-03
  7.9760695E-01  3.4040600E-03  1.8994556E-03
  8.0410977E-01  3.3633400E-03  1.8624991E-03
  8.1066558E-01  3.3231600E-03  1.8262109E-03
  8.1727486E-01  3.2837000E-03  1.7906801E-03
  8.2393804E-01  3.2447900E-03  1.7557884E-03
  8.3065554E-01  3.2068100E-03  1.7216319E-03
  8.3742777E-01  3.1693600E-03  1.6880868E-03
  8.4425526E-01  3.1330000E-03  1.6552485E-03
  8.5113838E-01  3.0971600E-03  1.6229944E-03
  8.5807764E-01  3.0695300E-03  1.5914231E-03
  8.6507345E-01  3.0425900E-03  1.5604110E-03
  8.7212629E-01  3.0158000E-03  1.5058291E-03
  8.7923665E-01  2.9892500E-03  1.4516648E-03
  8.8640503E-01  2.9387400E-03  1.4193557E-03
  8.9363180E-01  2.8891000E-03  1.3877380E-03
  9.0091746E-01  2.8482000E-03  1.3569238E-03
  9.0826255E-01  2.8079700E-03  1.3266849E-03
  9.1566752E-01  2.7695000E-03  1.2972162E-03
  9.2313292E-01  2.7316100E-03  1.2682506E-03
  9.3065914E-01  2.6945000E-03  1.2393180E-03
  9.3824667E-01  2.6578900E-03  1.2109252E-03
  9.4589609E-01  2.6213700E-03  1.1831039E-03
  9.5360795E-01  2.5853500E-03  1.1558071E-03
  9.6138263E-01  2.5494900E-03  1.1290851E-03
  9.6922064E-01  2.5141100E-03  1.1028909E-03
  9.7712258E-01  2.4789400E-03  1.0773791E-03
  9.8508899E-01  2.4442600E-03  1.0523668E-03
  9.9312033E-01  2.4098900E-03  1.0279513E-03
  1.0012172E+00  2.3760000E-03  1.0040180E-03
  1.0093800E+00  2.3424800E-03  9.8065086E-04
  1.0176094E+00  2.3094000E-03  9.5764214E-04
  1.0259058E+00  2.2765900E-03  9.3478458E-04
  1.0342700E+00  2.2441300E-03  9.1239205E-04
  1.0427023E+00  2.2117000E-03  8.9053548E-04
  1.0512033E+00  2.1796400E-03  8.6912580E-04
  1.0597736E+00  2.1477600E-03  8.4822379E-04
  1.0684139E+00  2.1162500E-03  8.2777341E-04
  1.0771246E+00  2.0849500E-03  8.0785436E-04
  1.0859062E+00  2.0540300E-03  7.8836967E-04
  1.0947596E+00  2.0233700E-03  7.6938688E-04
  1.1036850E+00  1.9930800E-03  7.5082363E-04
  1.1126833E+00  1.9630600E-03  7.3273482E-04
  1.1217548E+00  1.9334200E-03  7.1505275E-04
  1.1309004E+00  1.9040700E-03  6.9782323E-04
  1.1401205E+00  1.8750800E-03  6.8098403E-04
  1.1494158E+00  1.8464000E-03  6.6456833E-04
  1.1587869E+00  1.8180800E-03  6.4852579E-04
  1.1682343E+00  1.7900600E-03  6.3287948E-04
  1.1777588E+00  1.7623900E-03  6.1759562E-04
  1.1873610E+00  1.7350500E-03  6.0269037E-04
  1.1970414E+00  1.7080400E-03  5.8813290E-04
  1.2068009E+00  1.6813600E-03  5.7393101E-04
  1.2166398E+00  1.6550300E-03  5.6006255E-04
  1.2265589E+00  1.6290200E-03  5.4652770E-04
  1.2365589E+00  1.6033500E-03  5.3328410E-04
  1.2466405E+00  1.5780100E-03  5.2032614E-04
  1.2568042E+00  1.5529900E-03  5.0764693E-04
  1.2670508E+00  1.5282800E-03  4.9523797E-04
  1.2773809E+00  1.5038200E-03  4.8308795E-04
  1.2877953E+00  1.4796500E-03  4.7118815E-04
  1.2982946E+00  1.4557200E-03  4.5958411E-04
  1.3088795E+00  1.4320800E-03  4.4825176E-04
  1.3195506E+00  1.4086900E-03  4.3720854E-04
  1.3303088E+00  1.3856000E-03  4.2642433E-04
  1.3411547E+00  1.3627700E-03  4.1591721E-04
  1.3520890E+00  1.3402300E-03  4.0565327E-04
  1.3631124E+00  1.3179400E-03  3.9565428E-04
  1.3742257E+00  1.2959400E-03  3.8588349E-04
  1.3854297E+00  1.2741800E-03  3.7636948E-04
  1.3967250E+00  1.2527200E-03  3.6707074E-04
  1.4081123E+00  1.2314800E-03  3.5801985E-04
  1.4195925E+00  1.2105300E-03  3.4917172E-04
  1.4311663E+00  1.1898000E-03  3.4055862E-04
  1.4428345E+00  1.1693600E-03  3.3213478E-04
  1.4545978E+00  1.1491300E-03  3.2393203E-04
  1.4664570E+00  1.1291900E-03  3.1590581E-04
  1.4784128E+00  1.1094400E-03  3.0808860E-04
  1.4904662E+00  1.0899700E-03  3.0043683E-04
  1.5026178E+00  1.0706700E-03  2.9295538E-04
  1.5148685E+00  1.0516400E-03  2.8562276E-04
  1.5272191E+00  1.0327300E-03  2.7849413E-04
  1.5396704E+00  1.0140900E-03  2.7151572E-04
  1.5522232E+00  9.9556000E-04  2.6473935E-04
  1.5648783E+00  9.7731000E-04  2.5810515E-04
  1.5776366E+00  9.5916000E-04  2.5165667E-04
  1.5904989E+00  9.4128000E-04  2.4534018E-04
  1.6034661E+00  9.2346000E-04  2.3920891E-04
  1.6165390E+00  9.0592000E-04  2.3320247E-04
  1.6297185E+00  8.8842000E-04  2.2737391E-04
  1.6430054E+00  8.7119000E-04  2.2166249E-04
  1.6564007E+00  8.5396000E-04  2.1612420E-04
  1.6699051E+00  8.3702000E-04  2.1069562E-04
  1.6835197E+00  8.2003000E-04  2.0542857E-04
  1.6972453E+00  8.0333000E-04  2.0026405E-04
  1.7110828E+00  7.8654000E-04  1.9525276E-04
  1.7250331E+00  7.7003000E-04  1.9033781E-04
  1.7390971E+00  7.5336000E-04  1.8551346E-04
  1.7532758E+00  7.3697000E-04  1.8078193E-04
  1.7675701E+00  7.2029000E-04  1.7617813E-04
  1.7819809E+00  7.0388000E-04  1.7166425E-04
  1.7965092E+00  6.8708000E-04  1.6727480E-04
  1.8111560E+00  6.7054000E-04  1.6297311E-04
  1.8259222E+00  6.5349000E-04  1.5880127E-04
  1.8408087E+00  6.3664000E-04  1.5471454E-04
  1.8558167E+00  6.1910000E-04  1.5075433E-04
  1.8709470E+00  6.0171000E-04  1.4687617E-04
  1.8862006E+00  5.8333000E-04  1.4311763E-04
  1.9015786E+00  5.6498000E-04  1.3943759E-04
  1.9170820E+00  5.4513000E-04  1.3586641E-04
  1.9327118E+00  5.2506000E-04  1.3237118E-04
  1.9484690E+00  5.0248000E-04  1.2897919E-04
  1.9643547E+00  4.7901000E-04  1.2566015E-04
  1.9803699E+00  4.5050000E-04  1.2243759E-04
  1.9965156E+00  4.1768000E-04  1.1929257E-04
  2.0127930E+00  3.6829000E-04  1.1626374E-04
  2.0292031E+00  2.4072000E-04  1.1329932E-04
  2.0457470E+00  9.1770000E-05  3.1515076E-04
  2.0624258E+00  3.2282000E-04  3.0686497E-04
  2.0792406E+00  3.3613000E-04  2.9880441E-04
  2.0961924E+00  3.0212000E-04  2.9092693E-04
  2.1132825E+00  1.5604000E-04  2.8326819E-04
  2.1305119E+00  3.4246000E-04  4.0620110E-04
  2.1478817E+00  3.8252000E-04  3.9507317E-04
  2.1653932E+00  4.1337000E-04  3.8422127E-04
  2.1830475E+00  4.2770000E-04  3.7369506E-04
  2.2008456E+00  4.3923000E-04  3.6343300E-04
  2.2187889E+00  4.4631000E-04  3.5347297E-04
  2.2368785E+00  4.5182000E-04  3.4376872E-04
  2.2551155E+00  4.5505000E-04  3.3435028E-04
  2.2735012E+00  4.5724000E-04  3.2517422E-04
  2.2920369E+00  4.5802000E-04  3.1625978E-04
  2.3107237E+00  4.5803000E-04  3.0758293E-04
  2.3295627E+00  4.5708000E-04  2.9915650E-04
  2.3485554E+00  4.5550000E-04  2.9095454E-04
  2.3677030E+00  4.5322000E-04  2.8298250E-04
  2.3870067E+00  4.5038000E-04  2.7522515E-04
  2.4064677E+00  4.4698000E-04  2.6768126E-04
  2.4260874E+00  4.4300000E-04  2.6034694E-04
  2.4458670E+00  4.3848000E-04  2.5321521E-04
  2.4658079E+00  4.3315000E-04  2.4628209E-04
  2.4859115E+00  4.2713000E-04  2.3953598E-04
  2.5061789E+00  4.1862000E-04  2.3298024E-04
  2.5266115E+00  4.0821000E-04  2.2659864E-04
  2.5472107E+00  3.5798000E-04  2.2038058E-04
  2.5679779E+00  3.8492000E-04  2.4878365E-04
  2.5889144E+00  4.0473000E-04  2.4181996E-04
  2.6100215E+00  4.0632000E-04  2.3503010E-04
  2.6313008E+00  4.0588000E-04  2.2844374E-04
  2.6527535E+00  4.0427000E-04  2.2202760E-04
  2.6743812E+00  4.0185000E-04  2.1581221E-04
  2.6961851E+00  3.9901000E-04  2.0975804E-04
  2.7181669E+00  3.9567000E-04  2.0389093E-04
  2.7403278E+00  3.9211000E-04  1.9817099E-04
  2.7626695E+00  3.8815000E-04  1.9263116E-04
  2.7851932E+00  3.8406000E-04  1.8722844E-04
  2.8079006E+00  3.7956000E-04  1.8199794E-04
  2.8307932E+00  3.7494000E-04  1.7689486E-04
  2.8538723E+00  3.6952000E-04  1.7195666E-04
  2.8771397E+00  3.6389000E-04  1.6713672E-04
  2.9005967E+00  3.4697000E-04  1.6245935E-04
  2.9242450E+00  3.5058000E-04  1.6793878E-04
  2.9480861E+00  3.5200000E-04  1.6333720E-04
  2.9721216E+00  3.4971000E-04  1.5883585E-04
  2.9963530E+00  3.4638000E-04  1.5448304E-04
  3.0207820E+00  3.4287000E-04  1.5022806E-04
  3.0454101E+00  3.3895000E-04  1.4611533E-04
  3.0702390E+00  3.3501000E-04  1.4209347E-04
  3.0952704E+00  3.3069000E-04  1.3820511E-04
  3.1205058E+00  3.2638000E-04  1.3440071E-04
  3.1459470E+00  3.1820000E-04  1.3072380E-04
  3.1715956E+00  3.0971000E-04  1.2712480E-04
  3.1974533E+00  3.0974000E-04  1.2826422E-04
  3.2235219E+00  3.1046000E-04  1.2483191E-04
  3.2498029E+00  3.0727000E-04  1.2150577E-04
  3.2762982E+00  3.0388000E-04  1.1824639E-04
  3.3030096E+00  3.0024000E-04  1.1508749E-04
  3.3299388E+00  2.9665000E-04  1.1199101E-04
  3.3570874E+00  2.9294000E-04  1.0899163E-04
  3.3844574E+00  2.8928000E-04  1.0605107E-04
  3.4120506E+00  2.8555000E-04  1.0320251E-04
  3.4398686E+00  2.8187000E-04  1.0041042E-04
  3.4679136E+00  2.7816000E-04  9.7706893E-05
  3.4961872E+00  2.7449000E-04  9.5057618E-05
  3.5246913E+00  2.7080000E-04  9.2488788E-05
  3.5534277E+00  2.6717000E-04  8.9972741E-05
  3.5823984E+00  2.6352000E-04  8.7537947E-05
  3.6116054E+00  2.5992000E-04  8.5153570E-05
  3.6410505E+00  2.5632000E-04  8.2841741E-05
  3.6707356E+00  2.5277000E-04  8.0579011E-05
  3.7006628E+00  2.4923000E-04  7.8387754E-05
  3.7308338E+00  2.4573000E-04  7.6243167E-05
  3.7612510E+00  2.4225000E-04  7.4162061E-05
  3.7919161E+00  2.3881000E-04  7.2126807E-05
  3.8228313E+00  2.3539000E-04  7.0155675E-05
  3.8539984E+00  2.3201000E-04  6.8228381E-05
  3.8854197E+00  2.2865000E-04  6.6360294E-05
  3.9170972E+00  2.2534000E-04  6.4534323E-05
  3.9490328E+00  2.2206000E-04  6.2763554E-05
  3.9812289E+00  2.1881000E-04  6.1033026E-05
  4.0136876E+00  2.1559000E-04  5.9353324E-05
  4.0464108E+00  2.1242000E-04  5.7713545E-05
  4.0794007E+00  2.0927000E-04  5.6124657E-05
  4.1126597E+00  2.0617000E-04  5.4572721E-05
  4.1461899E+00  2.0310000E-04  5.3065122E-05
  4.1799932E+00  2.0006000E-04  5.1593978E-05
  4.2140724E+00  1.9706000E-04  5.0166225E-05
  4.2484293E+00  1.9410000E-04  4.8773530E-05
  4.2830664E+00  1.9117000E-04  4.7421379E-05
  4.3179858E+00  1.8828000E-04  4.6103047E-05
  4.3531898E+00  1.8542000E-04  4.4822995E-05
  4.3886810E+00  1.8260000E-04  4.3575246E-05
  4.4244615E+00  1.7981000E-04  4.2362968E-05
  4.4605337E+00  1.7706000E-04  4.1181951E-05
  4.4969000E+00  1.7435000E-04  4.0034435E-05
  4.5335628E+00  1.7167000E-04  3.8916965E-05
  4.5705246E+00  1.6902000E-04  3.7830908E-05
  4.6077876E+00  1.6641000E-04  3.6773598E-05
  4.6453545E+00  1.6384000E-04  3.5745429E-05
  4.6832275E+00  1.6130000E-04  3.4745132E-05
  4.7214094E+00  1.5879000E-04  3.3772392E-05
  4.7599027E+00  1.5632000E-04  3.2826352E-05
  4.7987097E+00  1.5388000E-04  3.1906008E-05
  4.8378331E+00  1.5148000E-04  3.1011272E-05
  4.8772754E+00  1.4911000E-04  3.0140466E-05
  4.9170393E+00  1.4677000E-04  2.9294232E-05
  4.9571275E+00  1.4446000E-04  2.8470366E-05
  4.9975425E+00  1.4219000E-04  2.7670271E-05
  5.0382870E+00  1.3995000E-04  2.6891129E-05
  5.0793637E+00  1.3774000E-04  2.6134775E-05
  5.1207752E+00  1.3556000E-04  2.5397906E-05
  5.1625244E+00  1.3341000E-04  2.4682892E-05
  5.2046140E+00  1.3130000E-04  2.3986079E-05
  5.2470467E+00  1.2921000E-04  2.3310147E-05
  5.2898253E+00  1.2716000E-04  2.2651148E-05
  5.3329527E+00  1.2513000E-04  2.2012355E-05
  5.3764317E+00  1.2314000E-04  2.1389401E-05
  5.4202653E+00  1.2117000E-04  2.0785772E-05
  5.4644563E+00  1.1923000E-04  2.0196861E-05
  5.5090075E+00  1.1733000E-04  1.9626544E-05
  5.5539220E+00  1.1545000E-04  1.9069952E-05
  5.5992025E+00  1.1359000E-04  1.8531075E-05
  5.6448522E+00  1.1177000E-04  1.8004921E-05
  5.6908741E+00  1.0997000E-04  1.7495752E-05
  5.7372713E+00  1.0820000E-04  1.6998422E-05
  5.7840467E+00  1.0646000E-04  1.6517460E-05
  5.8312035E+00  1.0474000E-04  1.6047531E-05
  5.8787448E+00  1.0305000E-04  1.5593194E-05
  5.9266735E+00  1.0138000E-04  1.5149074E-05
  5.9749930E+00  9.9740000E-05  1.4719954E-05
  6.0237068E+00  9.8120000E-05  1.4300322E-05
  6.0728175E+00  9.6530000E-05  1.3895074E-05
  6.1223285E+00  9.4970000E-05  1.3498641E-05
  6.1722433E+00  9.3420000E-05  1.3115969E-05
  6.2225649E+00  9.1900000E-05  1.2741455E-05
  6.2732969E+00  9.0410000E-05  1.2380121E-05
  6.3244425E+00  8.8940000E-05  1.2026349E-05
  6.3760052E+00  8.7490000E-05  1.1685238E-05
  6.4279881E+00  8.6060000E-05  1.1351125E-05
  6.4803949E+00  8.4650000E-05  1.1028974E-05
  6.5332289E+00  8.3270000E-05  1.0713296E-05
  6.5864936E+00  8.1910000E-05  1.0409187E-05
  6.6401927E+00  8.0570000E-05  1.0111159E-05
  6.6943295E+00  7.9240000E-05  9.8239824E-06
  6.7489078E+00  7.7950000E-05  9.5426492E-06
  6.8039310E+00  7.6670000E-05  9.2714287E-06
  6.8594027E+00  7.5410000E-05  9.0058346E-06
  6.9153269E+00  7.4170000E-05  8.7496000E-06
  6.9717067E+00  7.2950000E-05  8.4987960E-06
  7.0285463E+00  7.1740000E-05  8.2569238E-06
  7.0858493E+00  7.0560000E-05  8.0202805E-06
  7.1436198E+00  6.9400000E-05  7.7918988E-06
  7.2018609E+00  6.8250000E-05  7.5685510E-06
  7.2605769E+00  6.7120000E-05  7.3529806E-06
  7.3197716E+00  6.6010000E-05  7.1422295E-06
  7.3794492E+00  6.4920000E-05  6.9386309E-06
  7.4396131E+00  6.3850000E-05  6.7396854E-06
  7.5002675E+00  6.2790000E-05  6.5474869E-06
  7.5614164E+00  6.1750000E-05  6.3597695E-06
  7.6230643E+00  6.0720000E-05  6.1783640E-06
  7.6852139E+00  5.9710000E-05  6.0012403E-06
  7.7478711E+00  5.8720000E-05  5.8299125E-06
  7.8110386E+00  5.7740000E-05  5.6627184E-06
  7.8747214E+00  5.6780000E-05  5.5009829E-06
  7.9389229E+00  5.5830000E-05  5.3432261E-06
  8.0036482E+00  5.4900000E-05  5.1905812E-06
  8.0689013E+00  5.3980000E-05  5.0417397E-06
  8.1346865E+00  5.3070000E-05  4.8976129E-06
  8.2010074E+00  5.2180000E-05  4.7571583E-06
  8.2678694E+00  5.1310000E-05  4.6211614E-06
  8.3352769E+00  5.0450000E-05  4.4886663E-06
  8.4032332E+00  4.9600000E-05  4.3602712E-06
  8.4717440E+00  4.8760000E-05  4.2352750E-06
  8.5408133E+00  4.7940000E-05  4.1141538E-06
  8.6104457E+00  4.7130000E-05  3.9962273E-06
  8.6806461E+00  4.6330000E-05  3.8818143E-06
  8.7514186E+00  4.5540000E-05  3.7705368E-06
  8.8227682E+00  4.4770000E-05  3.6626150E-06
  8.8946991E+00  4.4010000E-05  3.5576457E-06
  8.9672165E+00  4.3260000E-05  3.4557398E-06
  9.0403255E+00  4.2520000E-05  3.3567054E-06
  9.1140307E+00  4.1790000E-05  3.2605660E-06
  9.1883367E+00  4.1070000E-05  3.1671477E-06
  9.2632482E+00  4.0370000E-05  3.0763874E-06
  9.3387702E+00  3.9670000E-05  2.9882628E-06
  9.4149088E+00  3.8980000E-05  2.9026366E-06
  9.4916675E+00  3.8300000E-05  2.8195026E-06
  9.5690523E+00  3.7640000E-05  2.7386650E-06
  9.6470674E+00  3.6980000E-05  2.6602607E-06
  9.7257187E+00  3.6330000E-05  2.5840238E-06
  9.8050117E+00  3.5680000E-05  2.5100795E-06
  9.8849509E+00  3.5050000E-05  2.4381215E-06
  9.9655426E+00  3.4420000E-05  2.3678801E-06
  1.0046791E+01  3.3800000E-05  2.2992037E-06
  1.0128701E+01  3.3190000E-05  2.2327311E-06
  1.0211279E+01  3.2580000E-05  2.1680362E-06
  1.0294531E+01  3.1970000E-05  2.1054328E-06
  1.0378461E+01  3.1370000E-05  2.0444655E-06
  1.0463076E+01  3.0770000E-05  1.9855073E-06
  1.0548381E+01  3.0170000E-05  1.9280663E-06
  1.0634381E+01  2.9560000E-05  1.8725417E-06
  1.0721081E+01  2.8950000E-05  1.8184192E-06
  1.0808489E+01  2.8310000E-05  1.7661297E-06
  1.0896610E+01  2.7670000E-05  1.7151361E-06
  1.0985448E+01  2.6910000E-05  1.6658914E-06
  1.1075012E+01  2.6120000E-05  1.6178431E-06
  1.1165306E+01  2.2420000E-05  1.5713011E-06
  1.1256335E+01  2.3270000E-05  3.9107216E-06
  1.1348107E+01  2.4750000E-05  3.7912129E-06
  1.1440627E+01  2.4890000E-05  3.6744039E-06
  1.1533901E+01  2.4740000E-05  3.5620044E-06
  1.1627936E+01  2.4530000E-05  3.4522496E-06
  1.1722737E+01  2.4260000E-05  3.3466808E-06
  1.1818312E+01  2.3970000E-05  3.2435354E-06
  1.1914665E+01  2.3650000E-05  3.1443630E-06
  1.2011805E+01  2.3330000E-05  3.0474170E-06
  1.2109735E+01  2.2980000E-05  2.9542844E-06
  1.2208465E+01  2.2640000E-05  2.8631969E-06
  1.2307999E+01  2.2270000E-05  2.7756924E-06
  1.2408345E+01  2.1900000E-05  2.6900616E-06
  1.2509510E+01  2.1480000E-05  2.6078861E-06
  1.2611498E+01  2.1070000E-05  2.5274291E-06
  1.2714319E+01  2.0230000E-05  2.4502369E-06
  1.2817977E+01  1.9330000E-05  2.3746203E-06
  1.2922481E+01  1.8980000E-05  3.2313275E-06
  1.3027837E+01  1.9830000E-05  3.1382340E-06
  1.3134051E+01  1.9610000E-05  3.0485399E-06
  1.3241132E+01  1.9370000E-05  2.9606848E-06
  1.3349086E+01  1.8660000E-05  2.8759438E-06
  1.3457919E+01  1.8740000E-05  3.1680925E-06
  1.3567641E+01  1.8630000E-05  3.0805428E-06
  1.3678256E+01  1.8500000E-05  2.9948199E-06
  1.3789774E+01  1.8290000E-05  2.9118404E-06
  1.3902201E+01  1.8090000E-05  2.8306171E-06
  1.4015544E+01  1.7860000E-05  2.7519591E-06
  1.4129811E+01  1.7640000E-05  2.6750001E-06
  1.4245010E+01  1.7400000E-05  2.6004853E-06
  1.4361148E+01  1.7170000E-05  2.5276036E-06
  1.4478233E+01  1.6940000E-05  2.4569989E-06
  1.4596273E+01  1.6710000E-05  2.3879740E-06
  1.4715275E+01  1.6480000E-05  2.3211163E-06
  1.4835247E+01  1.6250000E-05  2.2557757E-06
  1.4956198E+01  1.6010000E-05  2.1924612E-06
  1.5078134E+01  1.5790000E-05  2.1306130E-06
  1.5201065E+01  1.5560000E-05  2.0706785E-06
  1.5324997E+01  1.5330000E-05  2.0121542E-06
  1.5449941E+01  1.5110000E-05  1.9554185E-06
  1.5575902E+01  1.4890000E-05  1.9000415E-06
  1.5702891E+01  1.4670000E-05  1.8463492E-06
  1.5830916E+01  1.4450000E-05  1.7939671E-06
  1.5959983E+01  1.4240000E-05  1.7431681E-06
  1.6090104E+01  1.4030000E-05  1.6936333E-06
  1.6221285E+01  1.3820000E-05  1.6455823E-06
  1.6353535E+01  1.3610000E-05  1.5987433E-06
  1.6486864E+01  1.3400000E-05  1.5532870E-06
  1.6621280E+01  1.3200000E-05  1.5089996E-06
  1.6756792E+01  1.3000000E-05  1.4660150E-06
  1.6893408E+01  1.2800000E-05  1.4241531E-06
  1.7031138E+01  1.2610000E-05  1.3835074E-06
  1.7169992E+01  1.2410000E-05  1.3439414E-06
  1.7309977E+01  1.2220000E-05  1.3055159E-06
  1.7451103E+01  1.2030000E-05  1.2681317E-06
  1.7593381E+01  1.1850000E-05  1.2318154E-06
  1.7736818E+01  1.1670000E-05  1.1964937E-06
  1.7881424E+01  1.1490000E-05  1.1621630E-06
  1.8027210E+01  1.1310000E-05  1.1287936E-06
  1.8174184E+01  1.1130000E-05  1.0963545E-06
  1.8322356E+01  1.0960000E-05  1.0648385E-06
  1.8471737E+01  1.0790000E-05  1.0341895E-06
  1.8622335E+01  1.0620000E-05  1.0044226E-06
  1.8774161E+01  1.0450000E-05  9.7546266E-07
  1.8927225E+01  1.0290000E-05  9.4735483E-07
  1.9081537E+01  1.0130000E-05  9.2000135E-07
  1.9237107E+01  9.9700000E-06  8.9346220E-07
  1.9393945E+01  9.8100000E-06  8.6762589E-07
  1.9552062E+01  9.6600000E-06  8.4257352E-07
  1.9711468E+01  9.5100000E-06  8.1817646E-07
  1.9872174E+01  9.3600000E-06  7.9452753E-07
  2.0034190E+01  9.2100000E-06  7.7148614E-07
  2.0197527E+01  9.0600000E-06  7.4916535E-07
  2.0362195E+01  8.9200000E-06  7.2741046E-07
  2.0528206E+01  8.7800000E-06  7.0634525E-07
  2.0695570E+01  8.6400000E-06  6.8580526E-07
  2.0864299E+01  8.5000000E-06  6.6592819E-07
  2.1034404E+01  8.3700000E-06  6.4654011E-07
  2.1205895E+01  8.2300000E-06  6.2778528E-07
  2.1378785E+01  8.1000000E-06  6.0948360E-07
  2.1553084E+01  7.9700000E-06  5.9179155E-07
  2.1728805E+01  7.8500000E-06  5.7452012E-07
  2.1905957E+01  7.7200000E-06  5.5782884E-07
  2.2084554E+01  7.6000000E-06  5.4152751E-07
  2.2264608E+01  7.4800000E-06  5.2578324E-07
  2.2446129E+01  7.3600000E-06  5.1040033E-07
  2.2629130E+01  7.2400000E-06  4.9555078E-07
  2.2813623E+01  7.1200000E-06  4.8103601E-07
  2.2999620E+01  7.0100000E-06  4.6703216E-07
  2.3187134E+01  6.9000000E-06  4.5333844E-07
  2.3376176E+01  6.7900000E-06  4.4013278E-07
  2.3566760E+01  6.6800000E-06  4.2721393E-07
  2.3758898E+01  6.5700000E-06  4.1476105E-07
  2.3952602E+01  6.4700000E-06  4.0257324E-07
  2.4147885E+01  6.3600000E-06  3.9083244E-07
  2.4344760E+01  6.2600000E-06  3.7933655E-07
  2.4543241E+01  6.1600000E-06  3.6826800E-07
  2.4743340E+01  6.0600000E-06  3.5742531E-07
  2.4945070E+01  5.9600000E-06  3.4699074E-07
  2.5148444E+01  5.8700000E-06  3.3676670E-07
  2.5353477E+01  5.7700000E-06  3.2692845E-07
  2.5560181E+01  5.6800000E-06  3.1729043E-07
  2.5768571E+01  5.5900000E-06  3.0801244E-07
  2.5978660E+01  5.5000000E-06  2.9892754E-07
  2.6190461E+01  5.4100000E-06  2.9017792E-07
  2.6403990E+01  5.3200000E-06  2.8161448E-07
  2.6619259E+01  5.2400000E-06  2.7336575E-07
  2.6836283E+01  5.1500000E-06  2.6529587E-07
  2.7055077E+01  5.0700000E-06  2.5751820E-07
  2.7275654E+01  4.9900000E-06  2.4991303E-07
  2.7498030E+01  4.9100000E-06  2.4258027E-07
  2.7722219E+01  4.8300000E-06  2.3541338E-07
  2.7948235E+01  4.7500000E-06  2.2850044E-07
  2.8176094E+01  4.6700000E-06  2.2174688E-07
  2.8405812E+01  4.6000000E-06  2.1523026E-07
  2.8637402E+01  4.5200000E-06  2.0886687E-07
  2.8870879E+01  4.4500000E-06  2.0272401E-07
  2.9106261E+01  4.3800000E-06  1.9672825E-07
  2.9343561E+01  4.3100000E-06  1.9093794E-07
  2.9582796E+01  4.2400000E-06  1.8528909E-07
  2.9823982E+01  4.1700000E-06  1.7983153E-07
  3.0067134E+01  4.1000000E-06  1.7475960E-07
  3.0312268E+01  4.0300000E-06  1.7050942E-07
  3.0559402E+01  3.9700000E-06  1.6579178E-07
  3.0808550E+01  3.9000000E-06  1.6086986E-07
  3.1059728E+01  3.8400000E-06  1.5611993E-07
  3.1312956E+01  3.7800000E-06  1.5149239E-07
  3.1568247E+01  3.7100000E-06  1.4700776E-07
  3.1825620E+01  3.6500000E-06  1.4265614E-07
  3.2085091E+01  3.5900000E-06  1.3843775E-07
  3.2346678E+01  3.5400000E-06  1.3433110E-07
  3.2610398E+01  3.4800000E-06  1.3035180E-07
  3.2876266E+01  3.4200000E-06  1.2650099E-07
  3.3144304E+01  3.3700000E-06  1.2274813E-07
  3.3414526E+01  3.3100000E-06  1.1909109E-07
  3.3686951E+01  3.2600000E-06  1.1555703E-07
  3.3961598E+01  3.2100000E-06  1.1211936E-07
  3.4238483E+01  3.1500000E-06  1.0878912E-07
  3.4517626E+01  3.1000000E-06  1.0554876E-07
  3.4799045E+01  3.0500000E-06  1.0241561E-07
  3.5082759E+01  3.0000000E-06  9.9369681E-08
  3.5368785E+01  2.9500000E-06  9.6407632E-08
  3.5657143E+01  2.9100000E-06  9.3534372E-08
  3.5947853E+01  2.8600000E-06  9.0749050E-08
  3.6240932E+01  2.8100000E-06  8.8051005E-08
  3.6536401E+01  2.7700000E-06  8.5422179E-08
  3.6834278E+01  2.7200000E-06  8.2883216E-08
  3.7134584E+01  2.6800000E-06  8.0413242E-08
  3.7437339E+01  2.6300000E-06  7.8014885E-08
  3.7742562E+01  2.5900000E-06  7.5695178E-08
  3.8050274E+01  2.5500000E-06  7.3435177E-08
  3.8360494E+01  2.5100000E-06  7.1249637E-08
  3.8673244E+01  2.4700000E-06  6.9126566E-08
  3.8988543E+01  2.4300000E-06  6.7060770E-08
  3.9306413E+01  2.3900000E-06  6.5067279E-08
  3.9626875E+01  2.3500000E-06  6.3126650E-08
  3.9949948E+01  2.3100000E-06  6.1242737E-08
  4.0275656E+01  2.2700000E-06  5.9415627E-08
  4.0604019E+01  2.2400000E-06  5.7637044E-08
  4.0935060E+01  2.2000000E-06  5.5912628E-08
  4.1268800E+01  2.1600000E-06  5.4243171E-08
  4.1605260E+01  2.1300000E-06  5.2619530E-08
  4.1944464E+01  2.0900000E-06  5.1044905E-08
  4.2286433E+01  2.0600000E-06  4.9524637E-08
  4.2631191E+01  2.0300000E-06  4.8038970E-08
  4.2978759E+01  1.9900000E-06  4.6606706E-08
  4.3329160E+01  1.9600000E-06  4.5208823E-08
  4.3682419E+01  1.9300000E-06  4.3860895E-08
  4.4038557E+01  1.9000000E-06  4.2545174E-08
  4.4397600E+01  1.8700000E-06  4.1277974E-08
  4.4759569E+01  1.8400000E-06  4.0040411E-08
  4.5124490E+01  1.8100000E-06  3.8838969E-08
  4.5492385E+01  1.7800000E-06  3.7675841E-08
  4.5863279E+01  1.7500000E-06  3.6547046E-08
  4.6237199E+01  1.7200000E-06  3.5453497E-08
  4.6614166E+01  1.6900000E-06  3.4390530E-08
  4.6994207E+01  1.6600000E-06  3.3358642E-08
  4.7377346E+01  1.6400000E-06  3.2360572E-08
  4.7763609E+01  1.6100000E-06  3.1391473E-08
  4.8153020E+01  1.5800000E-06  3.0450600E-08
  4.8545607E+01  1.5600000E-06  2.9537201E-08
  4.8941395E+01  1.5300000E-06  2.8652428E-08
  4.9340409E+01  1.5100000E-06  2.7794685E-08
  4.9742677E+01  1.4800000E-06  2.6962057E-08
  5.0148224E+01  1.4600000E-06  2.6154431E-08
  5.0557078E+01  1.4400000E-06  2.5370110E-08
  5.0969265E+01  1.4100000E-06  2.4601392E-08
  5.1384812E+01  1.3900000E-06  2.3865420E-08
  5.1803749E+01  1.3700000E-06  2.3145462E-08
  5.2226098E+01  1.3400000E-06  2.2449092E-08
  5.2651894E+01  1.3200000E-06  2.1774431E-08
  5.3081158E+01  1.3000000E-06  2.1116179E-08
  5.3513924E+01  1.2800000E-06  2.0483669E-08
  5.3950220E+01  1.2600000E-06  1.9863704E-08
  5.4390070E+01  1.2400000E-06  1.9268811E-08
  5.4833506E+01  1.2200000E-06  1.8687369E-08
  5.5280560E+01  1.2000000E-06  1.8125370E-08
  5.5731255E+01  1.1800000E-06  1.7579217E-08
  5.6185628E+01  1.1600000E-06  1.7048366E-08
  5.6643704E+01  1.1400000E-06  1.6534494E-08
  5.7105514E+01  1.1200000E-06  1.6036645E-08
  5.7571091E+01  1.1000000E-06  1.5552207E-08
  5.8040460E+01  1.0800000E-06  1.5083518E-08
  5.8513660E+01  1.0700000E-06  1.4629048E-08
  5.8990714E+01  1.0500000E-06  1.4190811E-08
  5.9471661E+01  1.0300000E-06  1.3761306E-08
  5.9956529E+01  1.0200000E-06  1.3346137E-08
  6.0445346E+01  1.0000000E-06  1.2944579E-08
  6.0938153E+01  9.8000000E-07  1.2553053E-08
  6.1434975E+01  9.7000000E-07  1.2173770E-08
  6.1935849E+01  9.5000000E-07  1.1807107E-08
  6.2440807E+01  9.3000000E-07  1.1450022E-08
  6.2949879E+01  9.2000000E-07  1.1104002E-08
  6.3463106E+01  9.0000000E-07  1.0770167E-08
  6.3980514E+01  8.9000000E-07  1.0443526E-08
  6.4502139E+01  8.7000000E-07  1.0129596E-08
  6.5028018E+01  8.6000000E-07  9.8224486E-09
  6.5558188E+01  8.5000000E-07  9.5268071E-09
  6.6092676E+01  8.3000000E-07  9.2388809E-09
  6.6631522E+01  8.2000000E-07  8.9599558E-09
  6.7174763E+01  8.0000000E-07  8.6890989E-09
  6.7722433E+01  7.9000000E-07  8.4268113E-09
  6.8274568E+01  7.8000000E-07  8.1728473E-09
  6.8831202E+01  7.6000000E-07  7.9258482E-09
  6.9392376E+01  7.5000000E-07  7.6869245E-09
  6.9958126E+01  7.4000000E-07  7.4540832E-09
  7.0528489E+01  7.3000000E-07  7.2294857E-09
  7.1103499E+01  7.1000000E-07  7.0103415E-09
  7.1683199E+01  7.0000000E-07  6.7987882E-09
  7.2267627E+01  6.9000000E-07  6.5929739E-09
  7.2856816E+01  6.8000000E-07  6.3933153E-09
  7.3450813E+01  6.7000000E-07  6.1999965E-09
  7.4049648E+01  6.5000000E-07  6.0126739E-09
  7.4653369E+01  6.4000000E-07  5.8310248E-09
  7.5262012E+01  6.3000000E-07  5.6544017E-09
  7.5875617E+01  6.1000000E-07  5.4836049E-09
  7.6494223E+01  5.9000000E-07  2.6359995E-08
  7.7117874E+01  6.0000000E-07  2.5648440E-08
  7.7746605E+01  5.9000000E-07  2.4920553E-08
  7.8380469E+01  5.8000000E-07  2.4218339E-08
  7.9019495E+01  5.8000000E-07  2.3562731E-08
  7.9663734E+01  5.7000000E-07  2.2891204E-08
  8.0313225E+01  5.6000000E-07  2.2225419E-08
  8.0968011E+01  5.5000000E-07  2.1590239E-08
  8.1628133E+01  5.4000000E-07  2.0970063E-08
  8.2293639E+01  5.4000000E-07  2.0372247E-08
  8.2964572E+01  5.3000000E-07  1.9786131E-08
  8.3640977E+01  5.2000000E-07  1.9227760E-08
  8.4322893E+01  5.1000000E-07  1.8682898E-08
  8.5010371E+01  5.0000000E-07  1.8150518E-08
  8.5703451E+01  5.0000000E-07  1.7627749E-08
  8.6402180E+01  4.9000000E-07  1.7115286E-08
  8.7106612E+01  4.8000000E-07  1.6614400E-08
  8.7816785E+01  4.7000000E-07  1.6123653E-08
  8.8532746E+01  4.7000000E-07  1.5651519E-08
  8.9254540E+01  4.6000000E-07  1.5193951E-08
  8.9982223E+01  4.5000000E-07  1.4749225E-08
  9.0715843E+01  4.5000000E-07  1.4323520E-08
  9.1455438E+01  4.4000000E-07  1.3906436E-08
  9.2201067E+01  4.3000000E-07  1.3504911E-08
  9.2952773E+01  4.3000000E-07  1.3111728E-08
  9.3710611E+01  4.2000000E-07  1.2734121E-08
  9.4474622E+01  4.1000000E-07  1.2367233E-08
  9.5244863E+01  4.1000000E-07  1.2011292E-08
  9.6021386E+01  4.0000000E-07  1.1666578E-08
  9.6804242E+01  3.9000000E-07  1.1330904E-08
  9.7593476E+01  3.9000000E-07  1.1005452E-08
  9.8389149E+01  3.8000000E-07  1.0688417E-08
  9.9191300E+01  3.7000000E-07  1.0380521E-08
  1.0000000E+02  3.7000000E-07  1.0081356E-08
