      490.083918879370700
      492.158463708651700
      493.895306520908700
      495.638278523201900
      497.387401343043000
      499.142696684238400
      500.904186327157600
      502.671892129003100
      504.445836024081600
      506.226040024075300
      508.012526218314900
      509.805316774053100
      511.604433936739600
      513.409900030296100
      515.221737457393600
      517.039968699729300
      518.864616318305700
      520.695702953709400
      522.533251326392500
      524.377284236953200
      526.227824566418700
      528.084895276528600
      529.948519410019600
      531.818720090910400
      533.695520524788400
      535.578943999097500
      537.469013883426200
      539.365753629796800
      541.269186772956800
      543.179336930669600
      545.096227804007200
      547.019883177644300
      548.950326920152100
      550.887582984294700
      552.831675407325400
      554.782628311284400
      556.740465903297500
      558.705212475876100
      560.676892407218000
      562.655530161509600
      564.641150289228300
      566.633777427447300
      568.633436300139900
      570.640151718486100
      572.653948581180300
      574.674851874738900
      576.702886673810100
      578.738078141484400
      580.780451529606100
      582.830032179086200
      584.886845520216000
      586.950917072982100
      589.022272447382400
      591.100937343743100
      593.186937553037300
      595.280298957203600
      597.381047529467500
      599.489209334662500
      601.604810529552500
      603.727877363156500
      605.858436177072700
      607.996513405805300
      610.142135577091600
      612.295329312230000
      614.456121326410300
      616.624538429043800
      618.800607524095500
      620.984355610417300
      623.175809782081700
      625.374997228718100
      627.581945235848400
      629.796681185225200
      632.019232555171000
      634.249626920918000
      636.487891954949100
      638.734055427341500
      640.988145206109200
      643.250189257548800
      645.520215646585300
      647.798252537119100
      650.084328192375700
      652.378470975253900
      654.680709348678700
      656.991071875951300
      659.309587221105000
      661.636284149257800
      663.971191526970200
      666.314338322600900
      668.665753606666000
      671.025466552199200
      673.393506435111500
      675.769902634554800
      678.154684633284600
      680.547882018024800
      682.949524479834500
      685.359641814474700
      687.778263922776800
      690.205420811013100
      692.641142591268400
      695.085459481811000
