      371.383276232149200
      373.641093167429600
      375.415006927841000
      377.197342229566600
      378.988139048118100
      380.787437548688700
      382.595278087052800
      384.411701210468400
      386.236747658585200
      388.070458364355900
      389.912874454952900
      391.764037252687900
      393.623988275937000
      395.492769240070200
      397.370422058384000
      399.256988843040100
      401.152511906007300
      403.057033760008500
      404.970597119471600
      406.893244901485500
      408.825020226760300
      410.765966420592100
      412.716127013832100
      414.675545743860800
      416.644266555566100
      418.622333602326700
      420.609791246999800
      422.606684062913600
      424.613056834863900
      426.628954560116400
      428.654422449413100
      430.689505927983400
      432.734250636560100
      434.788702432400300
      436.852907390311400
      438.926911803680600
      441.010762185511300
      443.104505269462600
      445.208188010894500
      447.321857587918300
      449.445561402451100
      451.579347081276100
      453.723262477107300
      455.877355669659500
      458.041674966723600
      460.216268905246300
      462.401186252415200
      464.596476006749600
      466.802187399195400
      469.018369894225600
      471.245073190946600
      473.482347224208700
      475.730242165722300
      477.988808425179300
      480.258096651380500
      482.538157733366500
      484.829042801555800
      487.130803228887500
      489.443490631968900
      491.767156872229600
      494.101854057079800
      496.447634541075300
      498.804550927086700
      501.172656067475200
      503.552003065273500
      505.942645275371700
      508.344636305710100
      510.758030018476100
      513.182880531307900
      515.619242218503100
      518.067169712233800
      520.526717903766000
      522.997941944686800
      525.480897248135000
      527.975639490039600
      530.482224610362900
      533.000708814349500
      535.531148573781900
      538.073600628241000
      540.628121986373600
      543.194769927164400
      545.773602001216100
      548.364676032033200
      550.968050117313400
      553.583782630244500
      556.211932220807400
      558.852557817085300
      561.505718626579000
      564.171474137528600
      566.849884120240300
      569.541008628421800
      572.244908000521000
      574.961642861073900
      577.691274122055600
      580.433862984241400
      583.189470938570600
      585.958159767519400
      588.739991546479100
      591.535028645140300
      594.343333728884900
