      359.430583835238200
      361.815349418811400
      363.814869627517300
      365.821388752093100
      367.834931288926500
      369.855521820119400
      371.883185013787400
      373.917945624360500
      375.959828492884900
      378.008858547325900
      380.065060802871400
      382.128460362236800
      384.199082415971500
      386.276952242765400
      388.362095209757200
      390.454536772843400
      392.554302476988800
      394.661417956537800
      396.775908935526600
      398.897801227996800
      401.027120738309900
      403.163893461463300
      405.308145483407000
      407.459902981361000
      409.619192224134900
      411.786039572447800
      413.960471479249500
      416.142514490042700
      418.332195243207000
      420.529540470322800
      422.734576996497300
      424.947331740691600
      427.167831716048300
      429.396104030221100
      431.632175885704600
      433.876074580166100
      436.127827506777800
      438.387462154551000
      440.655006108670900
      442.930487050832300
      445.213932759577200
      447.505371110633200
      449.804830077252900
      452.112337730555100
      454.427922239866000
      456.751611873063200
      459.083434996919500
      461.423420077448800
      463.771595680252400
      466.127990470867500
      468.492633215115800
      470.865552779454400
      473.246778131327000
      475.636338339517100
      478.034262574501700
      480.440580108806600
      482.855320317363500
      485.278512677866700
      487.710186771133300
      490.150372281462400
      492.599098996997400
      495.056396810088200
      497.522295717655700
      499.996825821556500
      502.480017328950000
      504.971900552666200
      507.472505911574400
      509.981863930953900
      512.500005242865700
      515.026960586525300
      517.562760808677400
      520.107436863970800
      522.661019815335500
      525.223540834361600
      527.795031201677900
      530.375522307333100
      532.965045651177700
      535.563632843248000
      538.171315604150400
      540.788125765447800
      543.414095270046900
      546.049256172587300
      548.693640639831800
      551.347280951056900
      554.010209498446900
      556.682458787487900
      559.364061437363000
      562.055050181349700
      564.755457867218100
      567.465317457630600
      570.184662030543600
      572.913524779608900
      575.651939014579200
      578.399938161711900
      581.157555764177100
      583.924825482464900
      586.701781094795700
      589.488456497530400
      592.284885705583500
      595.091102852836900
