      400.565841987872300
      402.536282879552400
      404.146207583329400
      405.762570907913400
      407.385398601110200
      409.014716513661700
      410.650550599657200
      412.292926916945700
      413.941871627550800
      415.597410998086700
      417.259571400176200
      418.928379310869600
      420.603861313066200
      422.286044095937000
      423.974954455349200
      425.670619294292500
      427.373065623306300
      429.082320560910300
      430.798411334034900
      432.521365278454600
      434.251209839222600
      435.987972571107400
      437.731681139030600
      439.482363318507400
      441.240046996087700
      443.004760169800100
      444.776530949596600
      446.555387557799900
      448.341358329551900
      450.134471713264600
      451.934756271072200
      453.742240679285200
      455.556953728846600
      457.378924325789200
      459.208181491695800
      461.044754364160100
      462.888672197250300
      464.739964361973900
      466.598660346744900
      468.464789757852400
      470.338382319931400
      472.219467876435400
      474.108076390110700
      476.004237943472800
      477.907982739284300
      479.819341101035600
      481.738343473426300
      483.665020422849700
      485.599402637878400
      487.541520929751800
      489.491406232866400
      491.449089605267300
      493.414602229141300
      495.387975411313500
      497.369240583744100
      499.358429304028200
      501.355573255897400
      503.360704249723100
      505.373854223022800
      507.395055240966300
      509.424339496886600
      511.461739312790700
      513.507287139873600
      515.561015559033800
      517.622957281391100
      519.693145148806000
      521.771612134402600
      523.858391343091200
      525.953516012095200
      528.057019511478800
      530.168935344677400
      532.289297149029600
      534.418138696312100
      536.555493893276000
      538.701396782184900
      540.855881541357000
      543.018982485706900
      545.190734067291300
      547.371170875855600
      549.560327639384600
      551.758239224653000
      553.964940637779700
      556.180467024783800
      558.404853672142900
      560.638136007353200
      562.880349599492800
      565.131530159786200
      567.391713542171500
      569.660935743869700
      571.939232905956800
      574.226641313937300
      576.523197398320600
      578.828937735199800
      581.143899046831900
      583.468118202221000
      585.801632217704700
      588.144478257540100
      590.496693634496000
      592.858315810443400
      595.229382396951600
