      421.291347313648700
      423.057505262437800
      424.538352243969900
      426.024382584524000
      427.515614426020800
      429.012065973866200
      430.513755497172200
      432.020701328980000
      433.532921866484000
      435.050435571255400
      436.573260969468200
      438.101416652124300
      439.634921275280900
      441.173793560277200
      442.718052293963600
      444.267716328930300
      445.822804583736900
      447.383336043143900
      448.949329758343500
      450.520804847192200
      452.097780494443800
      453.680275951983300
      455.268310539062000
      456.861903642532600
      458.461074717086000
      460.065843285488000
      461.676228938817700
      463.292251336706600
      464.913930207577700
      466.541285348886500
      468.174336627362100
      469.813103979249700
      471.457607410553500
      473.107866997280600
      474.763902885685800
      476.425735292517200
      478.093384505262900
      479.766870882397700
      481.446214853632200
      483.131436920161300
      484.822557654913900
      486.519597702804300
      488.222577780983800
      489.931518679092800
      491.646441259514500
      493.367366457629500
      495.094315282070400
      496.827308814978600
      498.566368212260800
      500.311514703847000
      502.062769593949400
      503.820154261321800
      505.583690159520800
      507.353398817166500
      509.129301838205600
      510.911420902174600
      512.699777764463700
      514.494394256581900
      516.295292286424100
      518.102493838537000
      519.916020974387500
      521.735895832631600
      523.562140629384100
      525.394777658489500
      527.233829291794000
      529.079317979417200
      530.931266250026900
      532.789696711112800
      534.654632049262600
      536.526095030437700
      538.404108500251600
      540.288695384247800
      542.179878688179200
      544.077681498288400
      545.982126981589200
      547.893238386148900
      549.811039041371600
      551.735552358282100
      553.666801829811900
      555.604811031084900
      557.549603619704700
      559.501203336043200
      561.459634003529800
      563.424919528941100
      565.397083902693100
      567.376151199132800
      569.362145576831700
      571.355091278880700
      573.355012633184400
      575.361934052758400
      577.375880036026300
      579.396875167118400
      581.424944116171100
      583.460111639627400
      585.502402580538400
      587.551841868866400
      589.608454521788200
      591.672265643999800
      593.743300428022600
      595.821584154509800
