      313.004705055462700
      315.846307702509900
      318.078879862001000
      320.322051208720700
      322.575872055554800
      324.840392954101600
      327.115664695801600
      329.401738313074500
      331.698665080460100
      334.006496515765300
      336.325284381216000
      338.655080684615700
      340.995937680507300
      343.347907871342700
      345.711044008656500
      348.085399094245400
      350.471026381354000
      352.867979375864700
      355.276311837495000
      357.696077780998800
      360.127331477374200
      362.570127455077000
      365.024520501239600
      367.490565662896000
      369.968318248212000
      372.457833827721900
      374.959168235570100
      377.472377570760100
      379.997518198407200
      382.534646750999000
      385.083820129661000
      387.645095505428100
      390.218530320522200
      392.804182289636000
      395.402109401222600
      398.012369918791100
      400.635022382208600
      403.270125609008100
      405.917738695702400
      408.577921019104900
      411.250732237655100
      413.936232292752500
      416.634481410094500
      419.345540101022200
      422.069469163871900
      424.806329685332900
      427.556183041812000
      430.319090900803800
      433.095115222268300
      435.884318260013900
      438.686762563088400
      441.502510977174600
      444.331626645994100
      447.174173012716800
      450.030213821377500
      452.899813118298400
      455.783035253519400
      458.679944882234100
      461.590606966232900
      464.515086775353200
      467.453449888935400
      470.405762197287600
      473.372089903154500
      476.352499523195800
      479.347057889470000
      482.355832150925300
      485.378889774897900
      488.416298548617400
      491.468126580718300
      494.534442302760100
      497.615314470753000
      500.710812166691500
      503.821004800095700
      506.945962109558300
      510.085754164300300
      513.240451365733600
      516.410124449030300
      519.594844484699400
      522.794682880172500
      526.009711381394100
      529.240002074422500
      532.485627387035300
      535.746660090344000
      539.023173300416000
      542.315240479904200
      545.622935439683500
      548.946332340495400
      552.285505694600800
      555.640530367440000
      559.011481579300000
      562.398434906990600
      565.801466285527200
      569.220652009823000
      572.656068736386800
      576.107793485031300
      579.575903640587300
      583.060476954627200
      586.561591547195700
      590.079325908548900
      593.613758900901900
