      336.646260978589700
      340.251715164606600
      343.193106523498400
      346.146346092600700
      349.111481590947800
      352.088560929651900
      355.077632212674300
      358.078743737599700
      361.091943996414600
      364.117281676287500
      367.154805660353100
      370.204565028499300
      373.266609058157200
      376.340987225094800
      379.427749204213100
      382.526944870346000
      385.638624299063300
      388.762837767476100
      391.899635755047000
      395.049068944401800
      398.211188222145600
      401.386044679681600
      404.573689614033700
      407.774174528671600
      410.987551134339600
      414.213871349889300
      417.453187303114000
      420.705551331588400
      423.971015983510300
      427.249634018545600
      430.541458408678100
      433.846542339060700
      437.164939208871300
      440.496702632171900
      443.841886438770900
      447.200544675088900
      450.572731605027900
      453.958501710844200
      457.357909694024200
      460.771010476164500
      464.197859199854900
      467.638511229564800
      471.093022152534000
      474.561447779665800
      478.043844146424700
      481.540267513737000
      485.050774368895400
      488.575421426467000
      492.114265629204900
      495.667364148963100
      499.234774387616300
      502.816553977981400
      506.412760784744100
      510.023452905389000
      513.648688671133100
      517.288526647862300
      520.943025637073600
      524.612244676818600
      528.296243042653000
      531.995080248588400
      535.708816048047800
      539.437510434826300
      543.181223644053900
      546.940016153163400
      550.713948682861100
      554.503082198102700
      558.307477909071500
      562.127197272161700
      565.962301990964700
      569.812854017260200
      573.678915552010400
      577.560549046358400
      581.457817202631100
      585.370782975345000
      589.299509572217400
      593.244060455179700
      597.204499341396700
      601.180890204288700
      605.173297274557700
      609.181785041218500
      613.206418252632900
      617.247261917548100
      621.304381306140200
      625.377841951060500
      629.467709648487100
      633.574050459179500
      637.696930709538200
      641.836416992668200
      645.992576169447200
      650.165475369596500
      654.355181992758400
      658.561763709575600
      662.785288462776800
      667.025824468264700
      671.283440216210100
      675.558204472149100
      679.850186278084700
      684.159454953593800
      688.486080096936900
      692.830131586173700
