      246.286673460068900
      249.795456423070100
      252.552204171710900
      255.322039868902700
      258.105025642580600
      260.901223915423900
      263.710697406251400
      266.533509131423600
      269.369722406250400
      272.219400846407200
      275.082608369355900
      277.959409195773300
      280.849867850986600
      283.754049166415000
      286.672018281018300
      289.603840642752400
      292.549582010031500
      295.509308453197500
      298.483086355995500
      301.470982417056900
      304.473063651389800
      307.489397391875200
      310.520051290771300
      313.565093321224500
      316.624591778787000
      319.698615282942600
      322.787232778638600
      325.890513537825400
      329.008527161003300
      332.141343578776600
      335.289033053414400
      338.451666180419500
      341.629313890104500
      344.822047449174500
      348.029938462318600
      351.253058873807500
      354.491480969099200
      357.745277376452300
      361.014521068546800
      364.299285364112300
      367.599643929563700
      370.915670780645300
      374.247440284081500
      377.595027159236100
      380.958506479779000
      384.337953675360900
      387.733444533295300
      391.145055200248900
      394.572862183939800
      398.016942354843500
      401.477372947907200
      404.954231564271000
      408.447596172999200
      411.957545112817600
      415.484157093859800
      419.027511199422100
      422.587686887725900
      426.164763993688200
      429.758822730701200
      433.369943692419600
      436.998207854555900
      440.643696576684900
      444.306491604056400
      447.986675069415700
      451.684329494833300
      455.399537793542700
      459.132383271787200
      462.882949630674800
      466.651320968042100
      470.437581780326800
      474.241816964448500
      478.064111819699100
      481.904552049641200
      485.763223764015600
      489.640213480658100
      493.535608127424200
      497.449495044123800
      501.381961984464500
      505.333097118003400
      509.302989032109000
      513.291726733931500
      517.299399652382100
      521.326097640122200
      525.371910975561000
      529.436930364863300
      533.521246943965600
      537.624952280602500
      541.748138376341900
      545.890897668629200
      550.053323032842500
      554.235507784355800
      558.437545680612300
      562.659530923207700
      566.901558159982600
      571.163722487124200
      575.446119451279200
      579.748845051675000
      584.071995742251200
      588.415668433801300
      592.779960496123900
