      271.065785024697100
      274.331226486009000
      276.999204598190300
      279.677853096002000
      282.367214650426400
      285.067332103008400
      287.778248466535800
      290.500006925723100
      293.232650837897400
      295.976223733686900
      298.730769317712800
      301.496331469282800
      304.272954243089100
      307.060681869907100
      309.859558757298500
      312.669629490316500
      315.490938832213900
      318.323531725153700
      321.167453290923300
      324.022748831650700
      326.889463830524100
      329.767643952513700
      332.657335045097400
      335.558583138988400
      338.471434448866100
      341.395935374110000
      344.332132499536100
      347.280072596136700
      350.239802621822800
      353.211369722169500
      356.194821231164600
      359.190204671959700
      362.197567757624600
      365.216958391904800
      368.248424669981700
      371.292014879235800
      374.347777500013100
      377.415761206394900
      380.496014866969400
      383.588587545608200
      386.693528502243800
      389.810887193651900
      392.940713274236200
      396.083056596815700
      399.237967213416100
      402.405495376063500
      405.585691537581900
      408.778606352393700
      411.984290677322600
      415.202795572401000
      418.434172301679400
      421.678472334039800
      424.935747344011800
      428.206049212592200
      431.489430028067800
      434.785942086841300
      438.095637894260800
      441.418570165452100
      444.754791826154800
      448.104356013561000
      451.467316077158300
      454.843725579575400
      458.233638297430900
      461.637108222186100
      465.054189561000800
      468.484936737592400
      471.929404393098400
      475.387647386943000
      478.859720797705700
      482.345679923994500
      485.845580285322200
      489.359477622986300
      492.887427900952100
      496.429487306739100
      499.985712252311500
      503.556159374972100
      507.140885538258700
      510.739947832845600
      514.353403577448000
      517.981310319729200
      521.623725837212500
      525.280708138196000
      528.952315462671300
      532.638606283245600
      536.339639306068100
      540.055473471759000
      543.786167956342800
      547.531782172184800
      551.292375768932300
      555.068008634458600
      558.858740895810600
      562.664632920161000
      566.485745315762900
      570.322138932909600
      574.173874864897900
      578.041014448993800
      581.923619267403500
      585.821751148248000
      589.735472166540700
      593.664844645169900
