      411.740185282188200
      413.600503327489000
      415.142092933667500
      416.689428269845200
      418.242530749524400
      419.801421865993500
      421.366123192624300
      422.936656383170200
      424.513043172065000
      426.095305374723900
      427.683464887844900
      429.277543689711000
      430.877563840494400
      432.483547482561200
      434.095516840777400
      435.713494222816200
      437.337502019466100
      438.967562704940400
      440.603698837188000
      442.245933058204700
      443.894288094346700
      445.548786756644000
      447.209451941115900
      448.876306629087800
      450.549373887508200
      452.228676869267600
      453.914238813518800
      455.606083045997400
      457.304232979344500
      459.008712113430400
      460.719544035678800
      462.436752421393200
      464.160361034083900
      465.890393725795700
      467.626874437438900
      469.369827199118600
      471.119276130467700
      472.875245440979500
      474.637759430342700
      476.406842488776800
      478.182519097369100
      479.964813828413200
      481.753751345748200
      483.549356405099600
      485.351653854421000
      487.160668634237900
      488.976425777991700
      490.798950412386000
      492.628267757733300
      494.464403128303700
      496.307381932674500
      498.157229674081000
      500.013971950769200
      501.877634456348900
      503.748242980149100
      505.625823407573800
      507.510401720460000
      509.402003997435900
      511.300656414282100
      513.206385244291900
      515.119216858635500
      517.039177726723100
      518.966294416571400
      520.900593595169500
      522.842102028848600
      524.790846583650000
      526.746854225697600
      528.710152021569300
      530.680767138671900
      532.658726845614800
      534.644058512587700
      536.636789611738000
      538.636947717550900
      540.644560507229000
      542.659655761075900
      544.682261362878100
      546.712405300291800
      548.750115665228200
      550.795420654241900
      552.848348568919500
      554.908927816271400
      556.977186909123500
      559.053154466510700
      561.136859214072300
      563.228329984448400
      565.327595717678200
      567.434685461599200
      569.549628372248700
      571.672453714266000
      573.803190861296100
      575.941869296395700
      578.088518612439900
      580.243168512531200
      582.405848810408500
      584.576589430859900
      586.755420410134600
      588.942371896358200
      591.137474149948600
      593.340757544033800
      595.552252564870600
