      357.703643840784300
      361.101991420451200
      363.947135059568100
      366.802319206991000
      369.667579291810500
      372.542950868075200
      375.428469615231700
      378.324171338566100
      381.230091969647000
      384.146267566770400
      387.072734315405600
      390.009528528643200
      392.956686647644000
      395.914245242090500
      398.882241010639000
      401.860710781373500
      404.849691512261800
      407.849220291612200
      410.859334338532900
      413.880071003392000
      416.911467768279600
      419.953562247471900
      423.006392187895900
      426.069995469596700
      429.144410106206000
      432.229674245411900
      435.325826169431600
      438.432904295483900
      441.550947176265000
      444.679993500425100
      447.820082093046700
      450.971251916125000
      454.133542069049700
      457.306991789088300
      460.491640451871500
      463.687527571879900
      466.894692802932800
      470.113175938678300
      473.343016913085500
      476.584255800938000
      479.836932818329700
      483.101088323161500
      486.376762815640700
      489.663996938781400
      492.962831478906800
      496.273307366153900
      499.595465674978600
      502.929347624664300
      506.274994579830600
      509.632448050945000
      513.001749694835800
      516.382941315206800
      519.776064863154300
      523.181162437684800
      526.598276286236000
      530.027448805198600
      533.468722540439900
      536.922140187829500
      540.387744593767400
      543.865578755712600
      547.355685822714800
      550.858109095947300
      554.372892029242200
      557.900078229626500
      561.439711457861600
      564.991835628983300
      568.556494812844000
      572.133733234657900
      575.723595275546600
      579.326125473086900
      582.941368521861400
      586.569369274010200
      590.210172739785000
      593.863824088104300
      597.530368647111600
      601.209851904735200
      604.902319509249300
      608.607817269837900
      612.326391157160400
      616.058087303918800
      619.802952005427300
      623.561031720183800
      627.332373070443600
      631.117022842794200
      634.915027988733300
      638.726435625248000
      642.551293035396400
      646.389647668890900
      650.241547142683800
      654.107039241555000
      657.986171918701300
      661.878993296328300
      665.785551666243900
      669.705895490454300
      673.640073401761600
      677.588134204363900
      681.550126874456900
      685.526100560838500
      689.516104585514900
      693.520188444308300
