      417.848770696126100
      420.644090332251300
      422.957046120573500
      425.278689020438200
      427.609051655480700
      429.948166771801000
      432.296067238423400
      434.652786047756400
      437.018356316056600
      439.392811283891400
      441.776184316606500
      444.168508904792400
      446.569818664754600
      448.980147338984600
      451.399528796633000
      453.827997033984000
      456.265586174932100
      458.712330471460600
      461.168264304121200
      463.633422182516300
      466.107838745782500
      468.591548763076000
      471.084587134060100
      473.586988889394400
      476.098789191225000
      478.620023333678300
      481.150726743354700
      483.690934979826000
      486.240683736132300
      488.800008839283800
      491.368946250761400
      493.947532067021500
      496.535802520001400
      499.133793977626900
      501.741542944322000
      504.359086061520400
      506.986460108178500
      509.623702001291100
      512.270848796408500
      514.927937688155100
      517.595006010751200
      520.272091238535300
      522.959230986489600
      525.656463010766500
      528.363825209217700
      531.081355621924800
      533.809092431732300
      536.547073964782300
      539.295338691051000
      542.053925224888200
      544.822872325557000
      547.602218897777800
      550.392003992272200
      553.192266806310200
      556.003046684258800
      558.824383118133800
      561.656315748151400
      564.498884363284100
      567.352128901818000
      570.216089451911100
      573.090806252155300
      575.976319692139400
      578.872670313014700
      581.779898808062400
      584.698046023263000
      587.627152957868600
      590.567260764976600
      593.518410752105300
      596.480644381772700
      599.454003272076200
      602.438529197275900
      605.434264088378200
      608.441250033723500
      611.459529279574300
      614.489144230707400
      617.530137451006700
      620.582551664058400
      623.646429753750000
      626.721814764868900
      629.808749903705500
      632.907278538657600
      636.017444200836700
      639.139290584677700
      642.272861548549500
      645.418201115368600
      648.575353473214900
      651.744362975950400
      654.925274143838600
      658.118131664167800
      661.322980391875800
      664.539865350177600
      667.768831731194300
      671.009924896585600
      674.263190378184400
      677.528673878632600
      680.806421272020900
      684.096478604529400
      687.398892095072400
      690.713708135943700
      694.040973293465600
