      307.093369956893300
      310.989162302136200
      314.045368233562000
      317.116171416120800
      320.201641557213900
      323.301848696870000
      326.416863209328300
      329.546755804628800
      332.691597530210500
      335.851459772516700
      339.026414258607600
      342.216533057782000
      345.421888583204600
      348.642553593542400
      351.878601194608100
      355.130104841012100
      358.397138337821100
      361.679775842224900
      364.978091865212200
      368.292161273252500
      371.622059289987100
      374.967861497927500
      378.329643840162400
      381.707482622071700
      385.101454513050200
      388.511636548237200
      391.938106130256400
      395.380941030962700
      398.840219393197300
      402.316019732551800
      405.808420939139600
      409.317502279376500
      412.843343397769000
      416.386024318711200
      419.945625448290700
      423.522227576101800
      427.115911877068500
      430.726759913275300
      434.354853635806500
      438.000275386594600
      441.663107900277300
      445.343434306062600
      449.041338129603700
      452.756903294881500
      456.490214126097200
      460.241355349572500
      464.010412095659600
      467.797469900659700
      471.602614708750700
      475.425932873924100
      479.267511161930300
      483.127436752233700
      487.005797239976900
      490.902680637953200
      494.818175378589700
      498.752370315938500
      502.705354727678100
      506.677218317123300
      510.668051215245500
      514.677943982701200
      518.706987611871200
      522.755273528908600
      526.822893595796100
      530.909940112414500
      535.016505818618300
      539.142683896323600
      543.288567971603400
      547.454252116794700
      551.639830852614200
      555.845399150284200
      560.071052433667800
      564.316886581415800
      568.582997929121700
      572.869483271487400
      577.176439864499100
      581.503965427613700
      585.852158145954300
      590.221116672516900
      594.610940130387600
      599.021728114968100
      603.453580696214300
      607.906598420883300
      612.380882314791500
      616.876533885083800
      621.393655122511600
      625.932348503723700
      630.492716993565800
      635.074864047391500
      639.678893613385000
      644.304910134891900
      648.953018552763800
      653.623324307711800
      658.315933342671800
      663.030952105180500
      667.768487549761600
      672.528647140325000
      677.311538852574800
      682.117271176430200
      686.945953118456500
      691.797694204308000
