      387.321541299646900
      389.422446323561600
      391.109444083509600
      392.803749738914200
      394.505394943354500
      396.214411487469500
      397.930831299551200
      399.654686446139900
      401.386009132622300
      403.124831703831700
      404.871186644651800
      406.625106580622100
      408.386624278546200
      410.155772647103000
      411.932584737460500
      413.717093743891600
      415.509333004393500
      417.309336001309200
      419.117136361951700
      420.932767859231200
      422.756264412284200
      424.587660087106900
      426.426989097189500
      428.274285804154300
      430.129584718396400
      431.992920499727100
      433.864327958020000
      435.743842053859900
      437.631497899194400
      439.527330757988700
      441.431376046883000
      443.343669335852400
      445.264246348870000
      447.193142964573100
      449.130395216931400
      451.076039295919300
      453.030111548190100
      454.992648477753100
      456.963686746654600
      458.943263175660700
      460.931414744943900
      462.928178594772100
      464.933592026200500
      466.947692501767300
      468.970517646191300
      471.002105247073300
      473.042493255600100
      475.091719787251900
      477.149823122512300
      479.216841707581900
      481.292814155094100
      483.377779244835000
      485.471775924465800
      487.574843310248300
      489.687020687774100
      491.808347512695800
      493.938863411462700
      496.078608182058700
      498.227621794743500
      500.385944392797700
      502.553616293270200
      504.730677987729100
      506.917170143016300
      509.113133602004600
      511.318609384358800
      513.533638687299100
      515.758262886369400
      517.992523536206400
      520.236462371314900
      522.490121306844700
      524.753542439370100
      527.026768047675200
      529.309840593540500
      531.602802722533600
      533.905697264803500
      536.218567235877800
      538.541455837463800
      540.874406458252700
      543.217462674727600
      545.570668251974600
      547.934067144497400
      550.307703497036200
      552.691621645388900
      555.085866117236300
      557.490481632971300
      559.905513106531400
      562.331005646234400
      564.767004555618000
      567.213555334282900
      569.670703678739900
      572.138495483259800
      574.616976840728300
      577.106194043503000
      579.606193584275200
      582.117022156934500
      584.638726657438500
      587.171354184684800
      589.714952041387300
      592.269567734956200
      594.835248978382400
