      428.306356495480700
      430.998676948600600
      433.252728306137000
      435.514734127026700
      437.784722479397800
      440.062721530384300
      442.348759546474800
      444.642864893862300
      446.945066038796300
      449.255391547933900
      451.573870088694700
      453.900530429615600
      456.235401440706400
      458.578512093808100
      460.929891462951000
      463.289568724714900
      465.657573158590500
      468.033934147341800
      470.418681177369800
      472.811843839077700
      475.213451827237200
      477.623534941356100
      480.042123086047200
      482.469246271398700
      484.904934613345600
      487.349218334042400
      489.802127762237200
      492.263693333647400
      494.733945591336600
      497.212915186091900
      499.700632876804000
      502.197129530848000
      504.702436124464600
      507.216583743144500
      509.739603582012700
      512.271526946214600
      514.812385251303500
      517.362210023629300
      519.921032900728900
      522.488885631717400
      525.065800077681600
      527.651808212073700
      530.246942121106900
      532.851234004153200
      535.464716174141000
      538.087421057955800
      540.719381196840500
      543.360629246798600
      546.011197978998400
      548.671120280178100
      551.340429153052900
      554.019157716723400
      556.707339207084700
      559.405006977238800
      562.112194497906100
      564.828935357840100
      567.555263264242600
      570.291212043181000
      573.036815640006200
      575.792108119773300
      578.557123667662000
      581.331896589400300
      584.116461311688500
      586.910852382624700
      589.715104472132800
      592.529252372390400
      595.353330998260100
      598.187375387720200
      601.031420702299200
      603.885502227509600
      606.749655373285100
      609.623915674417500
      612.508318790997000
      615.402900508852900
      618.307696739995800
      621.222743523061800
      624.148077023758200
      627.083733535310400
      630.029749478911200
      632.986161404170200
      635.953005989566200
      638.930320042900900
      641.918140501753000
      644.916504433935400
      647.925449037954000
      650.945011643466100
      653.975229711742800
      657.016140836132200
      660.067782742523200
      663.130193289812200
      666.203410470371100
      669.287472410516800
      672.382417370982100
      675.488283747389000
      678.605110070722400
      681.732935007807200
      684.871797361785100
      688.021736072594900
      691.182790217453000
      694.354999011336500
