      288.732769435498300
      291.824513163068800
      294.416799924394200
      297.018160537988100
      299.628626762718100
      302.248230468568100
      304.877003637026400
      307.514978361475500
      310.162186847582800
      312.818661413693000
      315.484434491221800
      318.159538625050900
      320.844006473924500
      323.537870810846900
      326.241164523481900
      328.953920614553100
      331.676172202245900
      334.407952520611200
      337.149294919969600
      339.900232867318100
      342.660799946737100
      345.431029859799800
      348.210956425982700
      351.000613583076700
      353.800035387601300
      356.609256015218800
      359.428309761150400
      362.257231040593900
      365.096054389142600
      367.944814463206200
      370.803546040432200
      373.672284020129700
      376.551063423694100
      379.439919395033500
      382.338887200996600
      385.248002231801900
      388.167300001468800
      391.096816148249400
      394.036586435062900
      396.986646749930400
      399.947033106412300
      402.917781644046000
      405.898928628786200
      408.890510453446400
      411.892563638141100
      414.905124830731300
      417.928230807269600
      420.961918472448300
      424.006224860048400
      427.061187133389900
      430.126842585784600
      433.203228640989700
      436.290382853662700
      439.388342909819000
      442.497146627290000
      445.616831956183600
      448.747436979345600
      451.888999912823000
      455.041559106329100
      458.205153043710100
      461.379820343413000
      464.565599758955400
      467.762530179397300
      470.970650629813500
      474.190000271768900
      477.420618403794300
      480.662544461864800
      483.915818019879100
      487.180478790141000
      490.456566623842200
      493.744121511547000
      497.043183583678600
      500.353793111007100
      503.675990505139200
      507.009816319009400
      510.355311247373400
      513.712516127302600
      517.081471938680800
      520.462219804702000
      523.854800992370900
      527.259256913004200
      530.675629122733900
      534.103959323013100
      537.544289361122100
      540.996661230677600
      544.461117072142400
      547.937699173338700
      551.426449969961000
      554.927412046092300
      558.440628134721400
      561.966141118262200
      565.503994029075200
      569.054230049989700
      572.616892514829200
      576.192024908937100
      579.779670869706100
      583.379874187107100
      586.992678804222100
      590.618128817777500
      594.256268478680200
