      347.992785921036600
      351.486665404912600
      354.377631143339600
      357.279455041257100
      360.192177875729800
      363.115840576878700
      366.050484228454200
      368.996150068412000
      371.952879489490400
      374.920714039790800
      377.899695423358900
      380.889865500769500
      383.891266289712800
      386.903939965582500
      389.927928862067100
      392.963275471742400
      396.010022446666700
      399.068212598978500
      402.137888901495600
      405.219094488317000
      408.311872655427300
      411.416266861302600
      414.532320727519300
      417.660078039364400
      420.799582746449300
      423.950878963324500
      427.114010970097800
      430.289023213053800
      433.475960305276300
      436.674867027272700
      439.885788327601500
      443.108769323500600
      446.343855301519400
      449.591091718152600
      452.850524200476400
      456.122198546786900
      459.406160727241700
      462.702456884502300
      466.011133334380900
      469.332236566487800
      472.665813244882000
      476.011910208724800
      479.370574472934200
      482.741853228843600
      486.125793844861800
      489.522443867135300
      492.931851020214100
      496.354063207719000
      499.789128513011700
      503.237095199867400
      506.698011713150200
      510.171926679490300
      513.658888907964400
      517.158947390778100
      520.672151303951200
      524.198550008005600
      527.738193048655000
      531.291130157498400
      534.857411252715000
      538.437086439762500
      542.030206012077300
      545.636820451777700
      549.256980430369700
      552.890736809455800
      556.538140641445100
      560.199243170267900
      563.874095832090900
      567.562750256037300
      571.265258264907000
      574.981671875902000
      578.712043301352700
      582.456424949448200
      586.214869424967300
      589.987429530015100
      593.774158264759200
      597.575108828171400
      601.390334618770500
      605.219889235367800
      609.063826477816500
      612.922200347762700
      616.795065049399700
      620.682474990225400
      624.584484781801600
      628.501149240517300
      632.432523388353400
      636.378662453651600
      640.339621871885400
      644.315457286433500
      648.306224549357600
      652.311979722181300
      656.332779076673200
      660.368679095631800
      664.419736473674600
      668.486008118028400
      672.567551149324700
      676.664422902395800
      680.776680927075200
      684.904382989000500
      689.047587070419800
      693.206351371000300
