      465.973795522962200
      468.285974363535400
      470.172298736343100
      472.066221188048500
      473.967772319790600
      475.876982855908600
      477.793883644436500
      479.718505657600800
      481.650879992320500
      483.591037870707900
      485.539010640571800
      487.494829775924000
      489.458526877485600
      491.430133673197300
      493.409682018730700
      495.397203898001900
      497.392731423686900
      499.396296837739900
      501.407932511912600
      503.427670948276300
      505.455544779745800
      507.491586770605500
      509.535829817037600
      511.588306947652400
      513.649051324020800
      515.718096241208300
      517.795475128312600
      519.881221549001600
      521.975369202054900
      524.077951921907000
      526.189003679192200
      528.308558581292500
      530.436650872887100
      532.573314936504400
      534.718585293076000
      536.872496602493600
      539.035083664166700
      541.206381417584000
      543.386424942876000
      545.575249461381000
      547.772890336212000
      549.979383072826600
      552.194763319599800
      554.419066868397300
      556.652329655153000
      558.894587760448000
      561.145877410091200
      563.406234975704000
      565.675696975305300
      567.954300073900500
      570.242081084071900
      572.539076966571800
      574.845324830917800
      577.160861935990700
      579.485725690635000
      581.819953654260600
      584.163583537448900
      586.516653202559200
      588.879200664339100
      591.251264090537000
      593.632881802516200
      596.024092275872600
      598.424934141053800
      600.835446183982000
      603.255667346677600
      605.685636727887400
      608.125393583713500
      610.574977328245600
      613.034427534195700
      615.503783933535300
      617.983086418134800
      620.472375040406500
      622.971690013948700
      625.481071714193600
      628.000560679057200
      630.530197609591900
      633.070023370641500
      635.620078991499200
      638.180405666568500
      640.751044756025500
      643.332037786485200
      645.923426451669600
      648.525252613078700
      651.137558300664900
      653.760385713508500
      656.393777220497700
      659.037775361009700
      661.692422845595600
      664.357762556667800
      667.033837549189700
      669.720691051368900
      672.418366465352900
      675.126907367926200
      677.846357511212700
      680.576760823379200
      683.318161409342200
      686.070603551477000
      688.834131710330400
      691.608790525336100
      694.394624815532100
