      487.383377906051400
      489.484548211167100
      491.238719456081900
      492.999176906450300
      494.765943086801500
      496.539040602346100
      498.318492139265200
      500.104320464999600
      501.896548428540800
      503.695198960723100
      505.500295074515800
      507.311859865317400
      509.129916511250900
      510.954488273459200
      512.785598496402300
      514.623270608155400
      516.467528120708500
      518.318394630265700
      520.175893817547800
      522.040049448093200
      523.910885372562600
      525.788425527042600
      527.672693933352100
      529.563714699348300
      531.461512019235100
      533.366110173871600
      535.277533531082300
      537.195806545968300
      539.120953761218900
      541.052999807425800
      542.991969403396900
      544.937887356472300
      546.890778562840800
      548.850668007857300
      550.817580766362400
      552.791542003002400
      554.772576972550000
      556.760711020227500
      558.755969582029400
      560.758378185047600
      562.767962447797500
      564.784748080544200
      566.808760885631400
      568.840026757810400
      570.878571684570200
      572.924421746470100
      574.977603117471900
      577.038142065274000
      579.106064951646900
      581.181398232769100
      583.264168459565300
      585.354402278045100
      587.452126429642700
      589.557367751558600
      591.670153177101400
      593.790509736032400
      595.918464554909500
      598.054044857434300
      600.197277964798700
      602.348191296033600
      604.506812368359400
      606.673168797536400
      608.847288298217100
      611.029198684300200
      613.218927869285200
      615.416503866628600
      617.621954790101200
      619.835308854146800
      622.056594374242100
      624.285839767257900
      626.523073551821500
      628.768324348680700
      631.021620881068800
      633.282991975070700
      635.552466559990800
      637.830073668722000
      640.115842438115900
      642.409802109354600
      644.711982028323300
      647.022411645984800
      649.341120518755100
      651.668138308880200
      654.003494784814200
      656.347219821599400
      658.699343401247100
      661.059895613119200
      663.428906654313000
      665.806406830045400
      668.192426554039600
      670.586996348912900
      672.990146846565800
      675.401908788572800
      677.822313026573600
      680.251390522667200
      682.689172349806100
      685.135689692192800
      687.590973845677000
      690.055056218154900
      692.527968329968800
      695.009741814309800
