      405.620820125612000
      408.536528720158700
      410.915219697470200
      413.303492136712700
      415.701384627144300
      418.108935913367600
      420.526184895954700
      422.953170632073400
      425.389932336117100
      427.836509380336500
      430.292941295474000
      432.759267771401000
      435.235528657756800
      437.721763964591600
      440.218013863010000
      442.724318685819200
      445.240718928178400
      447.767255248251200
      450.303968467860800
      452.850899573147300
      455.408089715228400
      457.975580210861700
      460.553412543111100
      463.141628362014300
      465.740269485253900
      468.349377898830900
      470.968995757741200
      473.599165386654100
      476.239929280594600
      478.891330105627100
      481.553410699543000
      484.226214072550300
      486.909783407966400
      489.604162062913300
      492.309393569015900
      495.025521633102900
      497.752590137910700
      500.490643142789500
      503.239724884412900
      505.999879777490600
      508.771152415482600
      511.553587571317700
      514.347230198114100
      517.152125429902800
      519.968318582354400
      522.795855153508700
      525.634780824506400
      528.485141460324900
      531.346983110516300
      534.220352009948400
      537.105294579549400
      540.001857427054000
      542.910087347753900
      545.830031325250800
      548.761736532212700
      551.705250331132300
      554.660620275089900
      557.627894108517200
      560.607119767967200
      563.598345382883600
      566.601619276376400
      569.616989965998400
      572.644506164526300
      575.684216780743800
      578.736170920228500
      581.800417886141500
      584.877007180020900
      587.965988502576800
      591.067411754492000
      594.181327037223400
      597.307784653808100
      600.446835109672200
      603.598529113442500
      606.762917577762700
      609.940051620110900
      613.129982563622200
      616.332761937913400
      619.548441479911200
      622.777073134684500
      626.018709056278800
      629.273401608554300
      632.541203366028000
      635.822167114718600
      639.116345852994500
      642.423792792425700
      645.744561358638800
      649.078705192175300
      652.426278149354200
      655.787334303135900
      659.161927943992500
      662.550113580778500
      665.951945941608000
      669.367479974732000
      672.796770849422700
      676.239873956858800
      679.696844911014900
      683.167739549555200
      686.652613934730000
      690.151524354275400
      693.664527322318200
