      350.534026531081300
      353.006406163893200
      355.055189551435600
      357.111609134549000
      359.175693372221400
      361.247470829469500
      363.326970177733400
      365.414220195272700
      367.509249767564500
      369.612087887701500
      371.722763656793500
      373.841306284368400
      375.967745088776500
      378.102109497595000
      380.244429048034700
      382.394733387347700
      384.553052273237300
      386.719415574268800
      388.893853270281800
      391.076395452804700
      393.267072325470000
      395.465914204431700
      397.672951518783500
      399.888214810979700
      402.111734737256300
      404.343542068054900
      406.583667688447600
      408.832142598563100
      411.088997914015000
      413.354264866331700
      415.627974803387400
      417.910159189834800
      420.200849607539900
      422.500077756018100
      424.807875452871700
      427.124274634228900
      429.449307355185600
      431.783005790247100
      434.125402233772800
      436.476529100421900
      438.836418925601000
      441.205104365913000
      443.582618199608300
      445.968993327037100
      448.364262771103500
      450.768459677721400
      453.181617316272200
      455.603769080064000
      458.034948486792200
      460.475189179002700
      462.924524924555600
      465.382989617092000
      467.850617276501200
      470.327442049390400
      472.813498209556200
      475.308820158457300
      477.813442425689500
      480.327399669462000
      482.850726677075900
      485.383458365404100
      487.925629781373100
      490.477276102446800
      493.038432637111800
      495.609134825364600
      498.189418239200200
      500.779318583103800
      503.378871694542400
      505.988113544460300
      508.607080237774400
      511.235808013872700
      513.874333247114700
      516.522692447332000
      519.180922260333400
      521.849059468409500
      524.527140990840100
      527.215203884403800
      529.913285343889100
      532.621422702607100
      535.339653432906700
      538.068015146691700
      540.806545595938600
      543.555282673218200
      546.314264412217900
      549.083528988265800
      551.863114718857700
      554.653060064185300
      557.453403627666300
      560.264184156477200
      563.085440542086900
      565.917211820793300
      568.759537174262100
      571.612455930065500
      574.476007562225900
      577.350231691759300
      580.235168087222000
      583.130856665257900
      586.037337491150000
      588.954650779371800
      591.882836894141900
      594.821936349980100
