      391.137729997815800
      394.195960996344000
      396.647998383918400
      399.110728156363500
      401.584196931635600
      404.068451530830700
      406.563538979067900
      409.069506506377700
      411.586401548591900
      414.114271748240100
      416.653164955447700
      419.203129228839400
      421.764212836445800
      424.336464256613800
      426.919932178921700
      429.514665505097500
      432.120713349941700
      434.738125042253700
      437.366950125762400
      440.007238360060700
      442.659039721544300
      445.322404404354100
      447.997382821323400
      450.684025604928100
      453.382383608242200
      456.092507905896800
      458.814449795042700
      461.548260796318700
      464.293992654822400
      467.051697341086400
      469.821427052057700
      472.603234212082700
      475.397171473894800
      478.203291719607700
      481.021648061712000
      483.852293844076600
      486.695282642954300
      489.550668267991900
      492.418504763244100
      495.298846408192400
      498.191747718768400
      501.097263448380700
      504.015448588947400
      506.946358371932000
      509.890048269384200
      512.846573994985800
      515.815991505099700
      518.798356999824900
      521.793726924054900
      524.802157968541300
      527.823707070962100
      530.858431416993800
      533.906388441388800
      536.967635829057700
      540.042231516155100
      543.130233691171500
      546.231700796028600
      549.346691527180500
      552.475264836718700
      555.617479933482200
      558.773396284172700
      561.943073614473900
      565.126571910176200
      568.323951418306000
      571.535272648260200
      574.760596372944800
      577.999983629918900
      581.253495722544200
      584.521194221138200
      587.803140964132900
      591.099398059239200
      594.410027884615300
      597.735093090040200
      601.074656598093300
      604.428781605337400
      607.797531583508300
      611.180970280708700
      614.579161722607400
      617.992170213643600
      621.420060338236300
      624.862896961999500
      628.320745232961400
      631.793670582790200
      635.281738728024500
      638.785015671308100
      642.303567702632200
      645.837461400581100
      649.386763633583500
      652.951541561170200
      656.531862635236100
      660.127794601308100
      663.739405499818300
      667.366763667383100
      671.009937738086400
      674.668996644770100
      678.344009620329200
      682.035046199012100
      685.742176217727300
      689.465469817354900
      693.204997444064800
