      280.584350978015600
      283.756227366358100
      286.384657542378000
      289.022884462765700
      291.670944638810700
      294.328874717819800
      296.996711483622300
      299.674491857078600
      302.362252896589100
      305.060031798606500
      307.767865898148700
      310.485792669314700
      313.213849725801400
      315.952074821422900
      318.700505850632000
      321.459180849042600
      324.228137993955300
      327.007415604883700
      329.797052144083900
      332.597086217084700
      335.407556573220900
      338.228502106167500
      341.059961854477300
      343.901975002118700
      346.754580879016600
      349.617818961595600
      352.491728873324200
      355.376350385261800
      358.271723416607200
      361.177888035249500
      364.094884458321000
      367.022753052751800
      369.961534335827000
      372.911268975745400
      375.871997792180600
      378.843761756844100
      381.826601994050400
      384.820559781284400
      387.825676549770800
      390.841993885045000
      393.869553527527500
      396.908397373098800
      399.958567473677900
      403.020106037801600
      406.093055431207000
      409.177458177415600
      412.273356958319700
      415.380794614770800
      418.499814147170600
      421.630458716063500
      424.772771642732200
      427.926796409794500
      431.092576661803000
      434.270156205846700
      437.459579012155000
      440.660889214703800
      443.874131111824100
      447.099349166812100
      450.336588008542400
      453.585892432083100
      456.847307399313400
      460.120878039542500
      463.406649650132500
      466.704667697122200
      470.014977815853500
      473.337625811600500
      476.672657660200600
      480.020119508687800
      483.380057675929000
      486.752518653261500
      490.137549105134000
      493.535195869749500
      496.945505959710100
      500.368526562665000
      503.804305041960400
      507.252888937291900
      510.714325965359000
      514.188664020522900
      517.675951175465600
      521.176235681852100
      524.689565970994900
      528.215990654520900
      531.755558525040700
      535.308318556820600
      538.874319906456900
      542.453611913552400
      546.046244101396000
      549.652266177644400
      553.271728035005800
      556.904679751927900
      560.551171593286100
      564.211254011075800
      567.884977645106600
      571.572393323699400
      575.273552064386200
      578.988505074611200
      582.717303752436600
      586.459999687248800
      590.216644660468900
      593.987290646264800
