      323.219224533172900
      326.956640586347500
      329.953227087736100
      332.962880765292900
      335.985658591702300
      339.021617787883900
      342.070815824071500
      345.133310420897200
      348.209159550479200
      351.298421437515200
      354.401154560380000
      357.517417652228200
      360.647269702101400
      363.790769956040000
      366.947977918200000
      370.118953351975200
      373.303756281122800
      376.502446990895600
      379.715086029177600
      382.941734207625000
      386.182452602812500
      389.437302557384400
      392.706345681209900
      395.989643852544400
      399.287259219195200
      402.599254199692300
      405.925691484464500
      409.266634037020300
      412.622145095133800
      415.992288172035900
      419.377127057610800
      422.776725819597000
      426.191148804794300
      429.620460640275300
      433.064726234602400
      436.524010779050000
      439.998379748832100
      443.487898904334900
      446.992634292354900
      450.512652247342200
      454.048019392648900
      457.598802641783700
      461.165069199671200
      464.746886563916000
      468.344322526074100
      471.957445172927600
      475.586322887766800
      479.231024351675800
      482.891618544825800
      486.568174747772100
      490.260762542757700
      493.969451815022100
      497.694312754116100
      501.435415855221300
      505.192831920476300
      508.966632060308400
      512.756887694770300
      516.563670554883300
      520.387052683985800
      524.227106439087700
      528.083904492231000
      531.957519831855200
      535.848025764169500
      539.755495914531000
      543.680004228827800
      547.621624974868200
      551.580432743777500
      555.556502451398100
      559.549909339697700
      563.560728978182900
      567.589037265318000
      571.634910429951300
      575.698425032746500
      579.779657967620200
      583.878686463186300
      587.995588084206000
      592.130440733043400
      596.283322651129100
      600.454312420427800
      604.643488964914100
      608.850931552053600
      613.076719794289800
      617.320933650539300
      621.583653427690600
      625.864959782112100
      630.164933721164400
      634.483656604720200
      638.821210146689900
      643.177676416554300
      647.553137840904100
      651.947677204984900
      656.361377654249300
      660.794322695915900
      665.246596200534400
      669.718282403558100
      674.209465906921900
      678.720231680628400
      683.250665064339800
      687.800851768976300
      692.370877878322300
