      327.813832782790900
      330.509814891874300
      332.674645440230100
      334.848853946176500
      337.032481029811400
      339.225567487102900
      341.428154290648900
      343.640282590441600
      345.861993714633900
      348.093329170310100
      350.334330644258900
      352.585040003750900
      354.845499297318400
      357.115750755539300
      359.395836791823700
      361.685800003204700
      363.985683171131900
      366.295529262268800
      368.615381429292700
      370.945283011699900
      373.285277536612100
      375.635408719588000
      377.995720465437800
      380.366256869040700
      382.747062216166800
      385.138180984301900
      387.539657843476100
      389.951537657096000
      392.373865482780300
      394.806686573199200
      397.250046376917100
      399.703990539239500
      402.168564903062700
      404.643815509727800
      407.129788599878500
      409.626530614321600
      412.134088194892300
      414.652508185323100
      417.181837632115100
      419.722123785415000
      422.273414099894800
      424.835756235634600
      427.409198059011200
      429.993787643588200
      432.589573271011800
      435.196603431909100
      437.814926826791200
      440.444592366959900
      443.085649175417700
      445.738146587782400
      448.402134153205900
      451.077661635295600
      453.764779013041300
      456.463536481745400
      459.173984453956500
      461.896173560407800
      464.630154650959900
      467.375978795546400
      470.133697285124400
      472.903361632628800
      475.685023573931100
      478.478735068801500
      481.284548301876000
      484.102515683627100
      486.932689851338800
      489.775123670085800
      492.629870233716900
      495.496982865842800
      498.376515120827400
      501.268520784784300
      504.173053876577100
      507.090168648824000
      510.019919588906700
      512.962361419983500
      515.917549102007100
      518.885537832746500
      521.866383048813500
      524.860140426692600
      527.866865883777200
      530.886615579408600
      533.919445915919700
      536.965413539684200
      540.024575342168900
      543.096988460991400
      546.182710280982100
      549.281798435250500
      552.394310806256600
      555.520305526886300
      558.659840981531400
      561.812975807175100
      564.979768894481300
      568.160279388887900
      571.354566691707100
      574.562690461227400
      577.784710613822800
      581.020687325065500
      584.270681030843900
      587.534752428484400
      590.812962477879000
      594.105372402617500
