      432.025804525218600
      434.672272524778200
      436.748415768811600
      438.834474805034500
      440.930496983593200
      443.036529880621900
      445.152621299320000
      447.278819271033400
      449.415172056342200
      451.561728146152500
      453.718536262794200
      455.885645361123200
      458.063104629629700
      460.250963491550900
      462.449271605989600
      464.658078869037900
      466.877435414906000
      469.107391617056800
      471.347998089345500
      473.599305687164800
      475.861365508595200
      478.134228895561400
      480.417947434993500
      482.712572959994000
      485.018157551010500
      487.334753537013400
      489.662413496680100
      492.001190259583500
      494.351136907387600
      496.712306775047600
      499.084753452016100
      501.468530783455200
      503.863692871454200
      506.270294076252800
      508.688389017470400
      511.118032575341200
      513.559279891954900
      516.012186372503700
      518.476807686534800
      520.953199769208700
      523.441418822564200
      525.941521316788500
      528.453563991493900
      530.977603857000200
      533.513698195623300
      536.061904562970300
      538.622280789239500
      541.194884980528300
      543.779775520145300
      546.377011069930500
      548.986650571580800
      551.608753247981100
      554.243378604543300
      556.890586430549900
      559.550436800505500
      562.222990075493800
      564.908306904541100
      567.606448225986000
      570.317475268856600
      573.041449554252500
      575.778432896735400
      578.528487405724300
      581.291675486898600
      584.068059843607300
      586.857703478284800
      589.660669693873200
      592.477022095252800
      595.306824590676500
      598.150141393213700
      601.007037022199600
      603.877576304691600
      606.761824376932700
      609.659846685821800
      612.571708990390600
      615.497477363287900
      618.437218192270200
      621.390998181700800
      624.358884354054000
      627.340944051427900
      630.337244937063300
      633.347854996870500
      636.372842540963600
      639.412276205200100
      642.466224952730000
      645.534758075551300
      648.617945196072200
      651.715856268681900
      654.828561581327500
      657.956131757099000
      661.098637755822300
      664.256150875658600
      667.428742754711400
      670.616485372642200
      673.819451052292500
      677.037712461314100
      680.271342613806700
      683.520414871964100
      686.785002947726300
      690.065180904441400
      693.361023158534000
