      340.132367113203400
      342.707142753630300
      344.810827475354800
      346.922925632463000
      349.043470870036400
      351.172496967653300
      353.310037839925500
      355.456127537038300
      357.610800245290700
      359.774090287639600
      361.946032124245100
      364.126660353018200
      366.316009710171200
      368.514115070769100
      370.721011449284700
      372.936734000154400
      375.161318018337800
      377.394798939877600
      379.637212342463700
      381.888593945998400
      384.148979613163700
      386.418405349991500
      388.696907306436300
      390.984521776948600
      393.281285201052700
      395.587234163925100
      397.902405396976000
      400.226835778433200
      402.560562333928000
      404.903622237083100
      407.256052810103700
      409.617891524370400
      411.989176001034500
      414.369944011615700
      416.760233478602100
      419.160082476052900
      421.569529230203000
      423.988612120070500
      426.417369678066300
      428.855840590605900
      431.304063698724400
      433.762077998693200
      436.229922642639500
      438.707636939168200
      441.195260353985800
      443.692832510528000
      446.200393190588400
      448.717982334950400
      451.245640044021900
      453.783406578471400
      456.331322359868200
      458.889427971323600
      461.457764158135800
      464.036371828436500
      466.625292053840800
      469.224566070099100
      471.834235277751900
      474.454341242787200
      477.084925697300300
      479.726030540156300
      482.377697837655400
      485.039969824200700
      487.712888902968600
      490.396497646581900
      493.090838797785500
      495.795955270124800
      498.511890148627300
      501.238686690486000
      503.976388325745800
      506.725038657993400
      509.484681465048800
      512.255360699660100
      515.037120490200900
      517.830005141371200
      520.634059134899500
      523.449327130249200
      526.275853965327200
      529.113684657195000
      531.962864402783100
      534.823438579608100
      537.695452746492500
      540.578952644287800
      543.473984196599400
      546.380593510515600
      549.298826877338900
      552.228730773320100
      555.170351860395500
      558.123736986926900
      561.088933188445300
      564.065987688395400
      567.054947898885800
      570.055861421440300
      573.068776047752900
      576.093739760444900
      579.130800733827200
      582.180007334662300
      585.241408122932600
      588.315051852609800
      591.400987472426900
      594.499264126655600
