      373.723826242930900
      376.953314025313400
      379.486822803582900
      382.032432040655400
      384.590199519582100
      387.160183299168800
      389.742441715288700
      392.337033382202400
      394.944017193883000
      397.563452325348400
      400.195398233999400
      402.839914660964600
      405.497061632450900
      408.166899461101100
      410.849488747357800
      413.544890380833100
      416.253165541685800
      418.974375702004100
      421.708582627196000
      424.455848377384800
      427.216235308812400
      429.989806075248700
      432.776623629408000
      435.576751224371400
      438.390252415016800
      441.217191059455000
      444.057631320472800
      446.911637666983000
      449.779274875481200
      452.660608031509100
      455.555702531125600
      458.464624082383800
      461.387438706815800
      464.324212740923700
      467.275012837678600
      470.239905968025900
      473.218959422397900
      476.212240812233600
      479.219818071505900
      482.241759458255600
      485.278133556132300
      488.329009275943900
      491.394455857212100
      494.474542869735300
      497.569340215160300
      500.678918128558900
      503.803347180014400
      506.942698276214400
      510.097042662050900
      513.266451922228300
      516.450997982879100
      519.650753113187100
      522.865789927017800
      526.096181384557000
      529.342000793957100
      532.603321812990900
      535.880218450713200
      539.172765069130000
      542.481036384876600
      545.805107470901700
      549.145053758161600
      552.500951037320300
      555.872875460459600
      559.260903542795200
      562.665112164402200
      566.085578571948600
      569.522380380436600
      572.975595574951700
      576.445302512421100
      579.931579923379100
      583.434506913742100
      586.954162966590500
      590.490627943960300
      594.043982088641700
      597.614306025987800
      601.201680765730500
      604.806187703804900
      608.427908624182800
      612.066925700715500
      615.723321498983000
      619.397178978153900
      623.088581492853300
      626.797612795039600
      630.524357035889600
      634.268898767692500
      638.031322945753800
      641.811714930306700
      645.610160488433300
      649.426745795994100
      653.261557439567800
      657.114682418398500
      660.986208146353100
      664.876222453887400
      668.784813590021700
      672.712070224325300
      676.658081448910400
      680.622936780435300
      684.606726162117300
      688.609539965753900
      692.631468993754700
