      458.485448873316400
      460.871398703869600
      462.801721863717500
      464.740129605058000
      466.686655782402300
      468.641334391961100
      470.604199572237100
      472.575285604619900
      474.554626913982600
      476.542258069282300
      478.538213784161400
      480.542528917552900
      482.555238474287000
      484.576377605701500
      486.605981610253600
      488.644085934134600
      490.690726171887600
      492.745938067027200
      494.809757512662100
      496.882220552119900
      498.963363379575100
      501.053222340679400
      503.151833933194500
      505.259234807627300
      507.375461767868800
      509.500551771834400
      511.634541932107500
      513.777469516585900
      515.929371949130400
      518.090286810216400
      520.260251837588400
      522.439304926916500
      524.627484132456900
      526.824827667713300
      529.031373906103100
      531.247161381625000
      533.472228789529400
      535.706614986992400
      537.950358993791800
      540.203499992986700
      542.466077331599100
      544.738130521298300
      547.019699239089700
      549.310823328004100
      551.611542797791600
      553.921897825617900
      556.241928756763200
      558.571676105324200
      560.911180554919400
      563.260482959396500
      565.619624343543700
      567.988645903802800
      570.367589008986600
      572.756495200998000
      575.155406195553200
      577.564363882907100
      579.983410328581700
      582.412587774098500
      584.851938637712500
      587.301505515150300
      589.761331180351500
      592.231458586211300
      594.711930865328700
      597.202791330756100
      599.704083476752700
      602.215850979540300
      604.738137698063600
      607.270987674752000
      609.814445136285800
      612.368554494365300
      614.933360346482200
      617.508907476695900
      620.095240856411400
      622.692405645160800
      625.300447191389000
      627.919411033241900
      630.549342899356900
      633.190288709659200
      635.842294576158600
      638.505406803751400
      641.179671891025400
      643.865136531067200
      646.561847612274200
      649.269852219168900
      651.989197633217500
      654.719931333650500
      657.462100998288800
      660.215754504370700
      662.980939929384600
      665.757705551903800
      668.546099852424900
      671.346171514210000
      674.157969424132800
      676.981542673526600
      679.816940559037900
      682.664212583481500
      685.523408456700900
      688.394578096430900
      691.277771629164900
      694.173039391024900
