      259.805305984704000
      263.181373361768200
      265.892294047282700
      268.614958497404200
      271.349417580308600
      274.095722384392200
      276.853924219223700
      279.624074616499700
      282.406225331004200
      285.200428341573000
      288.006735852061100
      290.825200292315500
      293.655874319150900
      296.498810817330900
      299.354062900552200
      302.221683912434000
      305.101727427510500
      307.994247252229500
      310.899297425953000
      313.816932221963800
      316.747206148476000
      319.690173949649400
      322.645890606608300
      325.614411338465600
      328.595791603349900
      331.590087099438400
      334.597353765992600
      337.617647784400300
      340.651025579220400
      343.697543819233300
      346.757259418495400
      349.830229537397700
      352.916511583730000
      356.016163213748500
      359.129242333248500
      362.255807098642000
      365.395915918039200
      368.549627452335200
      371.717000616301500
      374.898094579680700
      378.092968768288600
      381.301682865118100
      384.524296811449800
      387.760870807966500
      391.011465315872800
      394.276141058019200
      397.554959020031200
      400.847980451443400
      404.155266866837800
      407.476880046987700
      410.812882040006100
      414.163335162499200
      417.528302000724500
      420.907845411754400
      424.302028524643800
      427.710914741604300
      431.134567739181400
      434.573051469438500
      438.026430161144700
      441.494768320968700
      444.978130734676700
      448.476582468336400
      451.990188869525600
      455.519015568546100
      459.063128479642600
      462.622593802227200
      466.197478022108600
      469.787847912726900
      473.393770536393900
      477.015313245537900
      480.652543683954200
      484.305529788061600
      487.974339788162900
      491.659042209712000
      495.359705874585900
      499.076399902361600
      502.809193711599600
      506.558157021131800
      510.323359851355500
      514.104872525532600
      517.902765671094400
      521.717110220951600
      525.547977414811200
      529.395438800497200
      533.259566235278200
      537.140431887199600
      541.038108236422900
      544.952668076569200
      548.884184516069200
      552.832730979518900
      556.798381209040700
      560.781209265650900
      564.781289530632200
      568.798696706912700
      572.833505820450200
      576.885792221623300
      580.955631586626900
      585.043099918874900
      589.148273550408400
      593.271229143310200
