   1.000000000000000E-001     1578.663811494176000
        1.322448979591837     1485.203763113583000
        2.544897959183674     1244.302963424348000
        3.767346938775510     1336.031146192359000
        4.989795918367347     1368.412159670375000
        6.212244897959184     1388.294724838492000
        7.434693877551020     1401.645448576644000
        8.657142857142857     1410.090733872820000
        9.879591836734694     1413.533475204820000
       11.102040816326530     1388.548672351478000
       12.324489795918370     1190.777505371342000
       13.546938775510200     1028.672516667133000
       14.769387755102040     1055.126893515264000
       15.991836734693880     1057.421383923497000
       17.214285714285720     1047.173984420639000
       18.436734693877550     1021.825526927078000
       19.659183673469390      966.998907053778900
       20.881632653061220      874.395787360841400
       22.104081632653060      774.566697420965300
       23.326530612244900      679.294122829942800
       24.548979591836740      592.699717071583800
       25.771428571428570      520.563116447351800
       26.993877551020410      455.183310236013000
       28.216326530612250      392.030385627120300
       29.438775510204080      339.848632367932000
       30.661224489795920      291.004060615345600
       31.883673469387760      250.879899739004300
       33.106122448979590      218.985056960635500
       34.328571428571430      185.853054213089800
       35.551020408163270      157.560618195728100
       36.773469387755110      129.762452813424400
       37.995918367346940      101.125632056578200
       39.218367346938780       75.626940073122230
       40.440816326530620       53.033387596384420
       41.663265306122450       37.415210178373900
       42.885714285714290       23.653853570197460
       44.108163265306130       11.873667770030820
       45.330612244897960        5.584432130321806
       46.553061224489800        3.215895502682501
       47.775510204081630        2.265900986979352
       48.997959183673470        1.589598328128228
       50.220408163265300        1.132689938930094
       51.442857142857140   8.862863458515792E-001
       52.665306122448980   6.935885735099080E-001
       53.887755102040820   5.061485485036614E-001
       55.110204081632650   4.825270766556623E-001
       56.332653061224490   3.342724819277366E-001
       57.555102040816330   2.774818128237609E-001
       58.777551020408160   2.577631634443861E-001
       60.000000000000000   1.832901672507771E-001
 
 
   1.000000000000000E-001     1380.506807459131000
        1.322448979591837     1298.374952232109000
        2.544897959183674     1086.695360513233000
        3.767346938775510     1167.222988087441000
        4.989795918367347     1195.594825141227000
        6.212244897959184     1212.964484725514000
        7.434693877551020     1224.564022474302000
        8.657142857142857     1231.804056123905000
        9.879591836734694     1234.558192495278000
       11.102040816326530     1211.809622098461000
       12.324489795918370     1036.213982073443000
       13.546938775510200      891.211098523209100
       14.769387755102040      912.250031386031300
       15.991836734693880      909.614487353549300
       17.214285714285720      890.067186882847000
       18.436734693877550      844.683536756310900
       19.659183673469390      770.505781366649900
       20.881632653061220      679.587202247613200
       22.104081632653060      588.881111742114600
       23.326530612244900      504.607602744948100
       24.548979591836740      427.972585309625500
       25.771428571428570      360.453080368568400
       26.993877551020410      301.372126885786500
       28.216326530612250      251.159791635656600
       29.438775510204080      210.338750342013100
       30.661224489795920      172.818479068135800
       31.883673469387760      137.926328433887500
       33.106122448979590      108.949430924714800
       34.328571428571430       82.861767912776740
       35.551020408163270       62.767925647220080
       36.773469387755110       46.783561414758100
       37.995918367346940       35.207486130624760
       39.218367346938780       26.507903906255160
       40.440816326530620       19.599249773897830
       41.663265306122450       14.140064604796680
       42.885714285714290        9.536427218107363
       44.108163265306130        6.439193739921359
       45.330612244897960        4.702697384102498
       46.553061224489800        3.711558512568475
       47.775510204081630        2.716765654840620
       48.997959183673470        1.783158466543745
       50.220408163265300        1.528985483631214
       51.442857142857140        1.278456827693388
       52.665306122448980   7.928457934830581E-001
       53.887755102040820   6.560263939725815E-001
       55.110204081632650   5.893435096425421E-001
       56.332653061224490   3.644152926072067E-001
       57.555102040816330   2.808829405257237E-001
       58.777551020408160   2.660403310296336E-001
       60.000000000000000   1.733282836167455E-001
 
 
   1.000000000000000E-001     1189.619084025341000
        1.322448979591837     1118.330526206100000
        2.544897959183674      934.626407394557000
        3.767346938775510     1004.338630244389000
        4.989795918367347     1028.763164283651000
        6.212244897959184     1043.588092592584000
        7.434693877551020     1053.325195196797000
        8.657142857142857     1059.147197869483000
        9.879591836734694     1060.826927225894000
       11.102040816326530     1038.909257363963000
       12.324489795918370      881.692740414097600
       13.546938775510200      748.692511310843800
       14.769387755102040      759.339944207588400
       15.991836734693880      739.340967548945300
       17.214285714285720      693.403466222613700
       18.436734693877550      627.732661579124600
       19.659183673469390      549.193622223747600
       20.881632653061220      467.605516260116800
       22.104081632653060      392.965599828730200
       23.326530612244900      324.864696209340400
       24.548979591836740      265.394626237624100
       25.771428571428570      215.689741242340200
       26.993877551020410      174.931937562156600
       28.216326530612250      141.236559874819900
       29.438775510204080      113.627081979971800
       30.661224489795920       89.127052332533570
       31.883673469387760       69.063184574329630
       33.106122448979590       54.814464435078020
       34.328571428571430       43.024892604353100
       35.551020408163270       33.730280600484670
       36.773469387755110       26.985681821148780
       37.995918367346940       21.610032551568690
       39.218367346938780       16.492481798508280
       40.440816326530620       11.912001722719800
       41.663265306122450        9.003186436946477
       42.885714285714290        6.332707986032815
       44.108163265306130        4.477942127890754
       45.330612244897960        3.397484184986450
       46.553061224489800        2.654472863260356
       47.775510204081630        2.002795465401368
       48.997959183673470        1.587600023903360
       50.220408163265300        1.423120635632590
       51.442857142857140        1.079797019104453
       52.665306122448980   8.473367114140266E-001
       53.887755102040820   7.448769618890676E-001
       55.110204081632650   6.050458107128367E-001
       56.332653061224490   5.323298680448139E-001
       57.555102040816330   4.358137516112223E-001
       58.777551020408160   3.571815197881340E-001
       60.000000000000000   3.489858290068650E-001
 
 
   1.000000000000000E-001     1000.177502350663000
        1.322448979591837      939.603039497964100
        2.544897959183674      783.542249257293300
        3.767346938775510      842.542251571646900
        4.989795918367347      863.033944517930300
        6.212244897959184      875.297779481751000
        7.434693877551020      883.121934857815500
        8.657142857142857      887.417879613196300
        9.879591836734694      887.786227971483900
       11.102040816326530      865.549484201381800
       12.324489795918370      724.224218191465300
       13.546938775510200      598.865451284652100
       14.769387755102040      592.210415867192800
       15.991836734693880      553.467204640172800
       17.214285714285720      498.575508306785800
       18.436734693877550      436.669378004505200
       19.659183673469390      371.946760576191000
       20.881632653061220      308.841721740398500
       22.104081632653060      252.943658123899700
       23.326530612244900      205.026528818477000
       24.548979591836740      166.467089435900300
       25.771428571428570      135.646137095725700
       26.993877551020410      110.516828676287400
       28.216326530612250       90.483290896734660
       29.438775510204080       73.075479316209870
       30.661224489795920       57.511283927595190
       31.883673469387760       44.852606958166770
       33.106122448979590       35.268117837767130
       34.328571428571430       27.553568202873590
       35.551020408163270       22.093329136091340
       36.773469387755110       17.870623874974430
       37.995918367346940       14.166878459052410
       39.218367346938780       10.247786452001330
       40.440816326530620        7.520592255760458
       41.663265306122450        5.536143701047950
       42.885714285714290        4.013877892290883
       44.108163265306130        2.979105066343503
       45.330612244897960        2.298134976552918
       46.553061224489800        1.837029882854240
       47.775510204081630        1.532421817978193
       48.997959183673470        1.215019851010292
       50.220408163265300   9.157144334818756E-001
       51.442857142857140   7.807146968971831E-001
       52.665306122448980   7.118031214786907E-001
       53.887755102040820   5.201328183838453E-001
       55.110204081632650   4.524422747775329E-001
       56.332653061224490   4.096473102612813E-001
       57.555102040816330   3.339577091859204E-001
       58.777551020408160   2.631059046298158E-001
       60.000000000000000   2.515272458012627E-001
 
 
   1.000000000000000E-001      800.564200290219300
        1.322448979591837      751.405548253528200
        2.544897959183674      624.809748373355400
        3.767346938775510      672.485114485309700
        4.989795918367347      688.894243900820100
        6.212244897959184      698.560349548367600
        7.434693877551020      704.506912401455700
        8.657142857142857      707.370347551668300
        9.879591836734694      706.542906173916000
       11.102040816326530      683.488942327674600
       12.324489795918370      559.050784907497000
       13.546938775510200      446.507194660664300
       14.769387755102040      431.228711932811200
       15.991836734693880      394.826759953297400
       17.214285714285720      351.498270943466500
       18.436734693877550      306.199949530294800
       19.659183673469390      259.559259360872700
       20.881632653061220      216.007247408221300
       22.104081632653060      180.133445693776600
       23.326530612244900      148.890420002696100
       24.548979591836740      122.672255679314800
       25.771428571428570      100.604350126588300
       26.993877551020410       81.743746840013260
       28.216326530612250       65.749953843675570
       29.438775510204080       52.379505803062660
       30.661224489795920       40.892905049612200
       31.883673469387760       31.573525965975640
       33.106122448979590       25.118463994872070
       34.328571428571430       19.953463248053690
       35.551020408163270       16.143607573474160
       36.773469387755110       13.011234561298240
       37.995918367346940        9.774470971275189
       39.218367346938780        7.290677584343620
       40.440816326530620        5.552204078255418
       41.663265306122450        4.233978089811068
       42.885714285714290        3.042463547822339
       44.108163265306130        2.160230058450626
       45.330612244897960        1.656426145441747
       46.553061224489800        1.439176520307182
       47.775510204081630        1.193083602112454
       48.997959183673470   8.041368539972303E-001
       50.220408163265300   6.920981431363482E-001
       51.442857142857140   6.635273056037234E-001
       52.665306122448980   5.412525844936088E-001
       53.887755102040820   4.014537678624727E-001
       55.110204081632650   3.366944269304553E-001
       56.332653061224490   2.896530240023420E-001
       57.555102040816330   2.345064226844143E-001
       58.777551020408160   2.294699449815901E-001
       60.000000000000000   1.871353741281027E-001
 
 
   1.000000000000000E-001      639.418771868807100
        1.322448979591837      599.893836282568800
        2.544897959183674      498.137688783440600
        3.767346938775510      536.358299316360900
        4.989795918367347      549.428157486563600
        6.212244897959184      557.031712316846400
        7.434693877551020      561.558705476873500
        8.657142857142857      563.422591376959800
        9.879591836734694      561.795542035807000
       11.102040816326530      534.887042888839800
       12.324489795918370      429.917742050463600
       13.546938775510200      340.597770280388900
       14.769387755102040      328.749394891049200
       15.991836734693880      303.101541505914000
       17.214285714285720      271.589486994858500
       18.436734693877550      237.122974169816500
       19.659183673469390      202.703869694090700
       20.881632653061220      170.878720766938600
       22.104081632653060      143.295774731910300
       23.326530612244900      118.255176013676500
       24.548979591836740       97.016562763282980
       25.771428571428570       79.458378602451820
       26.993877551020410       64.708469591146300
       28.216326530612250       51.612047740609480
       29.438775510204080       40.841020393045180
       30.661224489795920       31.637963725774850
       31.883673469387760       24.657469959961760
       33.106122448979590       19.592501480496050
       34.328571428571430       15.751767427880460
       35.551020408163270       13.083030515721430
       36.773469387755110       10.337052819279090
       37.995918367346940        7.696415695756902
       39.218367346938780        5.824307167354022
       40.440816326530620        4.360580868027586
       41.663265306122450        3.405474473607923
       42.885714285714290        2.445858523272662
       44.108163265306130        1.668212022714200
       45.330612244897960        1.247549698162210
       46.553061224489800        1.097726386934240
       47.775510204081630   9.382313349595725E-001
       48.997959183673470   6.578546229039795E-001
       50.220408163265300   6.226459064497214E-001
       51.442857142857140   5.447589257455660E-001
       52.665306122448980   3.586300385238021E-001
       53.887755102040820   3.566450334188792E-001
       55.110204081632650   3.116262344110055E-001
       56.332653061224490   2.145759597171633E-001
       57.555102040816330   2.104236080592838E-001
       58.777551020408160   1.894766078029560E-001
       60.000000000000000   1.545520882258230E-001
 
 
