697.388895597
693.222586728
689.071809857
684.936507134
680.81662092
676.712093793
672.622868543
668.548888172
664.490095896
660.446435138
656.417849535
652.40428293
648.405679377
644.421983138
640.453138679
636.499090675
632.559784005
628.635163755
624.725175213
620.82976387
616.94887542
613.08245576
609.230450986
605.392807396
601.569471487
597.760389954
593.96550969
590.184777787
586.418141532
582.665548409
578.926946096
575.202282466
571.491505587
567.794563718
564.111405311
560.44197901
556.786233649
553.144118254
549.515582038
545.900574405
542.299044946
538.71094344
535.13621985
531.57482433
528.026707216
524.491819028
520.970110472
517.461532436
513.966035992
510.483572393
507.014093073
503.557549646
500.113893909
496.683077834
493.265053574
489.859773461
486.467190001
483.08725588
479.719923959
476.365147272
473.022879031
469.69307262
466.375681596
463.070659692
459.777960809
456.497539023
453.229348577
449.973343888
446.72947954
443.497710287
440.277991052
437.070276924
433.874523161
430.690685186
427.518718588
424.358579122
421.210222707
418.073605426
414.948683526
411.835413417
408.73375167
405.643655019
402.565080357
399.49798474
396.442325382
393.398059656
390.365145096
387.343539391
384.333200389
381.334086096
378.346154672
375.369364434
372.403673854
369.449041559
366.505426329
363.572787099
360.651082954
357.740273134
354.84031703
351.951174185