24.6374073751
24.9296250615
25.2229365169
25.5173458352
25.8128571259
26.1094745134
26.4072021379
26.706044155
27.006004736
27.3070880674
27.6092983519
27.9126398074
28.2171166681
28.5227331837
28.8294936199
29.1374022583
29.4464633968
29.756681349
30.068060445
30.3806050308
30.6943194688
31.0092081378
31.325275433
31.6425257658
31.9609635645
32.2805932735
32.6014193543
32.9234462849
33.2466785599
33.5711206911
33.8967772067
34.2236526524
34.5517515904
34.8810786003
35.2116382788
35.5434352396
35.876474114
36.2107595503
36.5462962145
36.8830887899
37.2211419772
37.5604604949
37.9010490793
38.2429124839
38.5860554806
38.9304828587
39.2761994258
39.6232100071
39.9715194462
40.3211326046
40.6720543622
41.0242896169
41.3778432853
41.732720302
42.0889256203
42.4464642121
42.8053410676
43.1655611961
43.5271296254
43.890051402
44.2543315916
44.6199752787
44.9869875667
45.3553735784
45.7251384554
46.096287359
46.4688254694
46.8427579864
47.2180901292
47.5948271366
47.972974267
48.3525367984
48.7335200286
49.1159292752
49.4997698758
49.8850471878
50.2717665889
50.6599334768
51.0495532692
51.4406314045
51.8331733411
52.227184558
52.6226705546
53.0196368511
53.418088988
53.818032527
54.2194730501
54.6224161606
55.0268674827
55.4328326614
55.8403173632
56.2493272754
56.659868107
57.0719455881
57.4855654702
57.9007335267
58.3174555521
58.7357373631
59.1555847976
