shell#	D	alfa	SH	thick	aColl	ff	fov	ShellWeight(kg)	TotWeight
1	210.0	0.00874642970713	77.0	0.5	222.519276022	0.00872664625997	0.00872664625997	0.167100726503	0.167100726503
2	214.690845663	0.00894163709948	77.4116456399	1.0	233.812582892	0.00872664625997	0.00872664625997	0.343487291013	0.510588017516
3	219.426298686	0.00913868974243	77.8272058031	1.0	245.549649109	0.00872664625997	0.00872664625997	0.352942065996	0.863530083511
4	224.207107618	0.00933761822056	78.2467461787	1.0	257.745654647	0.00872664625997	0.00872664625997	0.362569577014	1.22609966053
5	229.034037403	0.00953845377615	78.6703338945	1.0	270.416344476	0.00872664625997	0.00872664625997	0.372373730089	1.59847339061
6	233.907869831	0.00974122832685	79.0980375566	1.0	283.578052187	0.00872664625997	0.00872664625997	0.3823585418	1.98083193241
7	238.829404006	0.00994597448398	79.5299272903	1.0	297.247724737	0.00872664625997	0.00872664625997	0.392528143027	2.37336007544
8	243.799456828	0.0101527255714	79.9660747829	1.0	311.442948346	0.00872664625997	0.00872664625997	0.402886782834	2.77624685828
9	248.818863494	0.0103615156448	80.406553327	1.0	326.181975633	0.00872664625997	0.00872664625997	0.413438832507	3.18968569078
10	253.888478008	0.0105723795122	80.851437866	1.0	341.483754035	0.00872664625997	0.00872664625997	0.424188789761	3.61387448054
11	259.009173722	0.0107853527541	81.3008050409	1.0	357.367955591	0.00872664625997	0.00872664625997	0.435141283104	4.04901576365
12	264.181843879	0.0110004717456	81.7547332383	1.0	373.855008156	0.00872664625997	0.00872664625997	0.446301076386	4.49531684003
13	269.407402189	0.0112177736778	82.213302641	1.0	390.966128124	0.00872664625997	0.00872664625997	0.457673073529	4.95298991356
14	274.686783415	0.0114372965813	82.6765952793	1.0	408.723354745	0.00872664625997	0.00872664625997	0.469262323448	5.42225223701
15	280.020943987	0.0116590793496	83.1446950845	1.0	427.149586111	0.00872664625997	0.00872664625997	0.481074025179	5.90332626219
16	285.410862626	0.0118831617635	83.6176879447	1.0	446.268616921	0.00872664625997	0.00872664625997	0.493113533212	6.3964397954
17	290.857541004	0.0121095845162	84.0956617616	1.0	466.105178097	0.00872664625997	0.00872664625997	0.505386363051	6.90182615845
18	296.362004417	0.0123383892397	84.5787065101	1.0	486.684978383	0.00872664625997	0.00872664625997	0.517898197001	7.41972435545
19	301.925302485	0.0125696185318	85.0669142997	1.0	508.034748002	0.00872664625997	0.00872664625997	0.530654890203	7.95037924566
20	307.548509878	0.0128033159836	85.5603794383	1.0	530.182284524	0.00872664625997	0.00872664625997	0.543662476917	8.49404172257
21	313.232727065	0.0130395262087	86.0591984975	1.0	553.156501029	0.00872664625997	0.00872664625997	0.556927177077	9.05096889965
22	318.979081091	0.0132782948732	86.5634703815	1.0	576.987476732	0.00872664625997	0.00872664625997	0.570455403124	9.62142430277
23	324.788726388	0.0135196687263	87.0732963973	1.0	601.706510175	0.00872664625997	0.00872664625997	0.584253767132	10.2056780699
24	330.662845603	0.0137636956323	87.5887803284	1.0	627.346175163	0.00872664625997	0.00872664625997	0.598329088242	10.8040071581
25	336.602650468	0.014010424604	88.1100285105	1.0	653.940379572	0.00872664625997	0.00872664625997	0.612688400418	11.4166955586
26	342.609382697	0.0142599058365	88.6371499102	1.0	681.52442722	0.00872664625997	0.00872664625997	0.627338960544	12.0440345191
27	348.684314916	0.0145121907433	89.1702562069	1.0	710.13508296	0.00872664625997	0.00872664625997	0.642288256873	12.686322776
28	354.828751627	0.0147673319925	89.7094618775	1.0	739.810641192	0.00872664625997	0.00872664625997	0.657544017855	13.3438667938
29	361.044030212	0.015025383545	90.2548842839	1.0	770.590997988	0.00872664625997	0.00872664625997	0.673114221355	14.0169810152
30	367.33152197	0.0152864006942	90.8066437647	1.0	802.517727054	0.00872664625997	0.00872664625997	0.689007104282	14.7059881195
31	373.692633198	0.0155504401066	91.3648637296	1.0	835.634159737	0.00872664625997	0.00872664625997	0.705231172652	15.4112192921
32	380.128806306	0.0158175598641	91.9296707575	1.0	869.985469337	0.00872664625997	0.00872664625997	0.721795212113	16.1330145042
33	386.641520987	0.0160878195082	92.5011946989	1.0	905.618759975	0.00872664625997	0.00872664625997	0.738708298942	16.8717228032
34	393.232295416	0.0163612800852	93.0795687814	1.0	942.583160287	0.00872664625997	0.00872664625997	0.755979811547	17.6277026147
35	399.902687509	0.0166380041936	93.6649297202	1.0	980.92992224	0.00872664625997	0.00872664625997	0.773619442509	18.4013220572
36	406.654296228	0.0169180560328	94.2574178323	1.0	1020.71252539	0.00872664625997	0.00872664625997	0.791637211173	19.1929592684
37	413.488762931	0.0172015014542	94.8571771552	1.0	1061.9867869	0.00872664625997	0.00872664625997	0.810043476833	20.0030027452
38	420.407772783	0.0174884080135	95.4643555707	1.0	1104.8109777	0.00874420400677	0.00872664625997	0.828848952538	20.8318516978
39	427.416408752	0.0177789840096	96.0793991354	1.0	1149.26747169	0.00888949200479	0.00872664625997	0.848073958023	21.6799256558
40	434.541079978	0.0180743214774	96.7046253858	1.0	1195.5835157	0.00903716073872	0.00872664625997	0.867798724161	22.54772438
41	441.784793067	0.0183745417561	97.3402981671	1.0	1243.84724406	0.00918727087803	0.00872664625997	0.888040616503	23.4357649965
42	449.150658529	0.0186797702794	97.9866904424	1.0	1294.15165401	0.00933988513969	0.00872664625997	0.90881775825	24.3445827547
43	456.641895279	0.0189901367482	98.6440846877	1.0	1346.59491495	0.00949506837408	0.00872664625997	0.930149070086	25.2747318248
44	464.261835364	0.0193057753103	99.3127733075	1.0	1401.28070013	0.00965288765514	0.00872664625997	0.952054312464	26.2267861373
45	472.013928952	0.0196268247503	99.9930590713	1.0	1458.31854243	0.00981341237513	0.00872664625997	0.974554130516	27.2013402678
46	479.901749569	0.0199534286883	100.685255574	1.0	1517.82421643	0.00997671434416	0.00872664625997	0.99767010178	28.1990103696
47	487.928999633	0.0202857357896	101.389687723	1.0	1579.92014872	0.0101428678948	0.00872664625997	1.02142478694	29.2204351565
48	496.099516269	0.020623899984	102.106692244	1.0	1644.73585894	0.010311949992	0.00872664625997	1.0458417838	30.2662769403
49	504.41727745	0.0209680806981	102.836618225	1.0	1712.40843411	0.010484040349	0.00872664625997	1.07094578475	31.3372227251
50	512.886408475	0.021318443098	103.579827683	1.0	1783.08303908	0.010659221549	0.00872664625997	1.09676263792	32.433985363
51	521.511188796	0.0216751583461	104.33669616	1.0	1856.91346606	0.0108375791731	0.00872664625997	1.12331941237	33.5573047754
52	530.296059237	0.0220384038712	105.107613362	1.0	1934.06272689	0.0110192019356	0.00872664625997	1.15064446758	34.7079492429
53	539.245629608	0.0224083636523	105.892983823	1.0	2014.70369141	0.0112041818262	0.00872664625997	1.17876752758	35.8867167705
54	548.364686761	0.0227852285189	106.693227614	1.0	2099.01977631	0.0113926142595	0.00872664625997	1.20771976006	37.0944365306
55	557.658203097	0.0231691964667	107.508781088	1.0	2187.20568869	0.0115845982333	0.00872664625997	1.23753386083	38.3319703914
56	567.131345574	0.0235604729908	108.340097673	1.0	2279.46822939	0.0117802364954	0.00872664625997	1.26824414412	39.6002145355
57	576.789485235	0.0239592714378	109.187648704	1.0	2376.02716133	0.0119796357189	0.00872664625997	1.29988663909	40.9001011746
58	586.638207296	0.0243658133765	110.051924314	1.0	2477.11614897	0.0121829066883	0.00872664625997	1.33249919309	42.2326003677
59	596.683321834	0.0247803289904	110.933434365	1.0	2582.98377524	0.0123901644952	0.00872664625997	1.36612158224	43.5987219499
60	606.930875117	0.0252030574915	111.832709449	1.0	2693.89464329	0.0126015287457	0.00872664625997	1.40079562979	44.9995175797
61	617.38716162	0.0256342475581	112.750301938	1.0	2810.13057086	0.012817123779	0.00872664625997	1.43656533312	46.4360829128
62	628.05873677	0.0260741577978	113.686787104	1.0	2931.99188619	0.0130370788989	0.00872664625997	1.47347699986	47.9095599127
63	638.952430482	0.0265230572372	114.642764308	1.0	3059.79883502	0.0132615286186	0.00872664625997	1.51157939405	49.4211393067
64	650.075361537	0.0269812258394	115.618858257	1.0	3193.8931095	0.0134906129197	0.00872664625997	1.55092389311	50.9720631999
65	661.434952864	0.0274489550533	116.615720353	1.0	3334.63951085	0.0137244775267	0.00872664625997	1.59156465655	52.5636278564
66	673.038947788	0.0279265483943	117.634030112	1.0	3482.42775887	0.0139632741971	0.00872664625997	1.63355880747	54.1971866639
67	684.895427325	0.0284143220597	118.674496684	1.0	3637.67446304	0.0142071610299	0.00872664625997	1.67696662789	55.8741532918
68	697.012828599	0.0289126055821	119.737860469	1.0	3800.82527122	0.0144563027911	0.00872664625997	1.72185176915	57.5960050609