        1.000000000000000     1497.305101343027000     1497.305101343027000
        2.000000000000000     1411.675578416791000     1411.675578416791000
        3.000000000000000     1308.591453824540000     1308.591453824540000
        4.000000000000000     1349.683850994928000     1349.683850994928000
        5.000000000000000     1372.350211855244000     1372.350211855244000
        6.000000000000000     1386.238532661339000     1386.238532661339000
        7.000000000000000     1394.761471571649000     1394.761471571649000
        8.000000000000000     1399.170988936757000     1399.170988936757000
        9.000000000000000     1399.826227768590000     1399.826227768590000
       10.000000000000000     1396.228402819286000     1396.228402819286000
       11.000000000000000     1380.331471846739000     1380.331471846739000
       12.000000000000000     1157.204171444640000     1157.204171444640000
       13.000000000000000     1024.319931243820000     1024.319931243820000
       14.000000000000000     1006.847182956685000     1006.847182956685000
       15.000000000000000     1011.797744364990000     1011.797744364990000
       16.000000000000000     1006.347191225818000     1006.347191225818000
       17.000000000000000      992.440679583825600      992.440679583825600
       18.000000000000000      968.878974795631500      968.878974795631500
       19.000000000000000      930.425378273101500      930.425378273101500
       20.000000000000000      867.445105407098600      867.445105407098600
       21.000000000000000      783.329235592974300      783.329235592974300
       22.000000000000000      697.158993647033200      697.158993647033200
       23.000000000000000      616.965619129043000      616.965619129043000
       24.000000000000000      544.474865925991700      544.474865925991700
       25.000000000000000      477.753122949557300      477.753122949557300
       26.000000000000000      418.744745186222300      418.744745186222300
       27.000000000000000      364.798469700681600      364.798469700681600
       28.000000000000000      316.278785290880300      316.278785290880300
       29.000000000000000      272.793353001590600      272.793353001590600
       30.000000000000000      232.844251747406100      232.844251747406100
       31.000000000000000      196.218640458337700      196.218640458337700
       32.000000000000000      162.983269756865700      162.983269756865700
       33.000000000000000      134.464517923461800      134.464517923461800
       34.000000000000000      108.495341299104000      108.495341299104000
       35.000000000000000       83.784160111892150       83.784160111892150
       36.000000000000000       62.751495084597080       62.751495084597080
       37.000000000000000       43.618302647093930       43.618302647093930
       38.000000000000000       26.987612753409180       26.987612753409180
       39.000000000000000       14.081820789472480       14.081820789472480
       40.000000000000000        6.881240801012321        6.881240801012321
       41.000000000000000        4.049000153797417        4.049000153797417
       42.000000000000000        2.569041187460484        2.569041187460484
       43.000000000000000        1.741686462888470        1.741686462888470
       44.000000000000000        1.250602641798078        1.250602641798078
       45.000000000000000   9.088598067973563E-001   9.088598067973563E-001
       46.000000000000000   6.658150206180162E-001   6.658150206180162E-001
       47.000000000000000   4.912179564434125E-001   4.912179564434125E-001
       48.000000000000000   3.770574885782844E-001   3.770574885782844E-001
       49.000000000000000   2.920796505898960E-001   2.920796505898960E-001
       50.000000000000000   2.297796918554133E-001   2.297796918554133E-001
