   1.000000000000000E-001     1461.076475648003000
   9.035175879396985E-001     1373.809975193876000
        1.707035175879397     1320.639069023031000
        2.510552763819096     1277.755119065684000
        3.314070351758794     1255.956237548191000
        4.117587939698493     1238.549596327904000
        4.921105527638192     1258.940390963298000
        5.724623115577890     1274.755482723778000
        6.528140703517588     1285.798882311809000
        7.331658291457286     1294.021066853917000
        8.135175879396984     1299.979739027388000
        8.938693467336682     1303.620147610736000
        9.742211055276380     1256.127776517110000
       10.545728643216080     1215.604441877710000
       11.349246231155780     1146.539483704790000
       12.152763819095470     1077.052561100727000
       12.956281407035170     1010.494480082314000
       13.759798994974870      994.300322472544900
       14.563316582914570      969.836755242748300
       15.366834170854270      971.911680973433900
       16.170351758793970      971.756852034797500
       16.973869346733670      965.031326559654600
       17.777386934673360      951.050086742866800
       18.580904522613060      927.251196176225800
       19.384422110552760      892.585557694300600
       20.187939698492460      847.686324629199100
       20.991457286432160      794.714802330412800
       21.794974874371850      737.077321278654200
       22.598492462311550      678.839603133078300
       23.402010050251250      623.050038354678000
       24.205527638190950      570.962650491516600
       25.009045226130650      522.708853278713600
       25.812562814070340      477.992665401858200
       26.616080402010040      436.638529118376500
       27.419597989949740      398.508450985722300
       28.223115577889440      363.143531050632400
       29.026633165829140      330.152432893185700
       29.830150753768830      299.509986138584900
       30.633668341708530      271.263014564978100
       31.437185929648230      244.974935537383800
       32.240703517587930      220.648913715157800
       33.044221105527630      198.096324404445500
       33.847738693467340      177.231434039927200
       34.651256281407040      157.794607334010200
       35.454773869346740      139.773126804439200
       36.258291457286440      122.857635343909100
       37.061809045226140      107.345123780628300
       37.865326633165840       92.834919710836690
       38.668844221105550       79.197088485563480
       39.472361809045250       66.435000322601230
       40.275879396984950       54.583403739280780
       41.079396984924650       43.650300464206460
       41.882914572864350       33.590124639953620
       42.686432160804050       24.774343722247970
       43.489949748743750       17.362040780739100
       44.293467336683460       11.627791342699630
       45.096984924623160        7.374973688240007
       45.900502512562860        4.701017362800401
       46.704020100502560        3.168298864674462
       47.507537688442260        2.298634439586396
       48.311055276381960        1.769316069881803
       49.114572864321670        1.408252815055612
       49.918090452261370        1.137682814746491
       50.721608040201070   9.300944374317720E-001
       51.525125628140770   7.868283263528477E-001
       52.328643216080470   6.549697128037879E-001
       53.132160804020170   5.635183885040644E-001
       53.935678391959880   4.765602259308427E-001
       54.739195979899580   4.161087883693884E-001
       55.542713567839280   3.585876551007693E-001
       56.346231155778980   3.105130951054080E-001
       57.149748743718680   2.699891016209043E-001
       57.953266331658380   2.344729973047558E-001
       58.756783919598090   2.056720482697252E-001
       59.560301507537790   1.792991833743118E-001
       60.363819095477490   1.604333392950830E-001
       61.167336683417190   1.400064393041420E-001
       61.970854271356890   1.241396184537680E-001
       62.774371859296590   1.097615881084948E-001
       63.577889447236300   9.567451148773112E-002
       64.381407035176000   8.637375274834064E-002
       65.184924623115690   7.658239155409034E-002
       65.988442211055390   6.711146985831971E-002
       66.791959798995080   6.159655465605646E-002
       67.595477386934780   5.434292063383621E-002
       68.398994974874470   4.770333576199320E-002
       69.202512562814160   4.364488607857184E-002
       70.006030150753860   3.867851445365499E-002
       70.809547738693550   3.388484486325936E-002
       71.613065326633250   3.135112923597028E-002
       72.416582914572940   2.769276811039797E-002
       73.220100502512640   2.423043379098885E-002
       74.023618090452330   2.212341864689315E-002
       74.827135678392030   1.785012320180963E-002
       75.630653266331720   1.371118433081696E-002
       76.434170854271410   1.086033961637081E-002
       77.237688442211110   8.157066654694135E-003
       78.041206030150800   5.569641777162799E-003
       78.844723618090500   5.314209137227786E-003
       79.648241206030190   4.977552593920764E-003
       80.451758793969890   4.597680541111867E-003
       81.255276381909580   4.222987637693959E-003
       82.058793969849280   3.959413558814174E-003
       82.862311557788970   3.656432108800742E-003
       83.665829145728670   3.342422867047092E-003
       84.469346733668360   3.119406393914404E-003
       85.272864321608050   2.911692205779749E-003
       86.076381909547750   2.641667044507222E-003
       86.879899497487440   2.460029579446056E-003
       87.683417085427140   2.328054434813795E-003
       88.486934673366830   2.144438631122427E-003
       89.290452261306530   1.969199529805637E-003
       90.093969849246220   1.866416720957006E-003
       90.897487437185920   1.751806951316649E-003
       91.701005025125610   1.615215267718789E-003
       92.504522613065310   1.501182293021147E-003
       93.308040201005000   1.413806910465384E-003
       94.111557788944690   1.324745558242073E-003
       94.915075376884390   1.204402954489755E-003
       95.718592964824080   1.123268279047180E-003
       96.522110552763780   1.063145294236458E-003
       97.325628140703470   9.652957690102804E-004
       98.129145728643170   8.823047834033603E-004
       98.932663316582860   8.470669105848836E-004
       99.736180904522560   8.184033390879126E-004
      100.539698492462300   7.915295589395678E-004
      101.343216080401900   7.928595083119504E-004
      102.146733668341600   8.035280021460490E-004
      102.950251256281300   8.144827511493409E-004
      103.753768844221000   8.258858190667885E-004
      104.557286432160700   8.391973166192634E-004
      105.360804020100400   8.503726457397683E-004
      106.164321608040100   8.598001240652335E-004
      106.967839195979800   8.691933239233429E-004
      107.771356783919500   8.785169519869105E-004
      108.574874371859200   8.913830268121761E-004
      109.378391959798900   9.028306354984340E-004
      110.181909547738600   9.109881938212958E-004
      110.985427135678300   9.194116986332855E-004
      111.788944723618000   9.265807778092619E-004
      112.592462311557700   9.376930797637033E-004
      113.395979899497400   9.495093073772366E-004
      114.199497487437100   9.559685468070562E-004
      115.003015075376800   9.629605498861953E-004
      115.806532663316500   9.682232834587254E-004
      116.610050251256100   9.761611236148307E-004
      117.413567839195800   9.898029923881705E-004
      118.217085427135500   9.969981688285931E-004
      119.020603015075200   1.001202995009825E-003
      119.824120603014900   1.004679870191156E-003
      120.627638190954600   1.009717892171977E-003
      121.431155778894300   1.023725292163263E-003
      122.234673366834000   1.030616001752189E-003
      123.038190954773700   1.033637727916193E-003
      123.841708542713400   1.040521717002253E-003
      124.645226130653100   1.037600025954740E-003
      125.448743718592800   1.047313635649720E-003
      126.252261306532500   1.062313428038873E-003
      127.055778894472200   1.062042805316243E-003
      127.859296482411900   1.067222866400901E-003
      128.662814070351600   1.066662738942831E-003
      129.466331658291300   1.068330563919722E-003
      130.269849246231000   1.078495383623584E-003
      131.073366834170700   1.096083327300734E-003
      131.876884422110400   1.079071222431962E-003
      132.680402010050100   1.105165290387233E-003
      133.483919597989700   1.074927182449824E-003
      134.287437185929400   1.103995757820081E-003
      135.090954773869100   1.102675981322043E-003
      135.894472361808800   1.113120689357547E-003
      136.697989949748500   1.110608438046254E-003
      137.501507537688200   1.113010482664990E-003
      138.305025125627900   1.101495919911397E-003
      139.108542713567600   1.120347411098537E-003
      139.912060301507300   1.128243570723457E-003
      140.715577889447000   1.123627062697772E-003
      141.519095477386700   1.137638466866645E-003
      142.322613065326400   1.117291735968638E-003
      143.126130653266100   1.122851224958185E-003
      143.929648241205800   1.138776031459469E-003
      144.733165829145500   1.136808458655015E-003
      145.536683417085200   1.147844655929709E-003
      146.340201005024900   1.144385897867776E-003
      147.143718592964600   1.130568900805158E-003
      147.947236180904200   1.138520273916323E-003
      148.750753768843900   1.147485885879588E-003
      149.554271356783600   1.152254870805820E-003
      150.357788944723300   1.160356056014703E-003
      151.161306532663000   1.153904534773321E-003
      151.964824120602700   1.142876363152907E-003
      152.768341708542400   1.147701970603852E-003
      153.571859296482100   1.156505920010489E-003
      154.375376884421800   1.163678264868433E-003
      155.178894472361500   1.170318006816022E-003
      155.982412060301200   1.164473588612080E-003
      156.785929648240900   1.153327794796411E-003
      157.589447236180600   1.154676081876729E-003
      158.392964824120300   1.163470701851258E-003
      159.196482412060000   1.202238152157080E-003
      159.999999999999700   1.209532279989413E-003
