0.38
0.37745737016
0.374924716557
0.37240200006
0.369889181692
0.36738622263
0.364893084202
0.362409727886
0.359936115314
0.357472208267
0.355017968674
0.352573358616
0.350138340321
0.347712876165
0.345296928671
0.342890460512
0.340493434503
0.338105813607
0.335727560931
0.333358639729
0.330999013395
0.328648645471
0.326307499639
0.323975539722
0.32165272969
0.319339033648
0.317034415846
0.314738840672
0.312452272656
0.310174676463
0.3079060169
0.30564625891
0.303395367575
0.301153308112
0.298920045876
0.296695546357
0.29447977518
0.292272698105
0.290074281027
0.287884489973
0.285703291105
0.283530650716
0.281366535232
0.279210911211
0.277063745341
0.274925004441
0.272794655461
0.270672665479
0.268559001704
0.266453631471
0.264356522245
0.262267641618
0.260186957309
0.258114437163
0.256050049152
0.253993761373
0.251945542049
0.249905359527
0.247873182276
0.245848978892
0.243832718092
0.241824368717
0.239823899729
0.237831280212
0.235846479371
0.233869466533
0.231900211144
0.22993868277
0.227984851097
0.226038685928
0.224100157186
0.222169234913
0.220245889265
0.218330090519
0.216421809066
0.214521015413
0.212627680184
0.210741774118
0.208863268068
0.206992133001
0.205128339999
0.203271860257
0.201422665082
0.199580725895
0.197746014227
0.195918501724
0.19409816014
0.192284961341
0.190478877304
0.188679880114
0.186887941966
0.185103035167
0.183325132129
0.181554205373
0.179790227528
0.178033171332
0.176283009627
0.174539715363
0.172803261596
0.171073621489
