0.100000	-8.540000E+00	4.580000E+01
0.110000	-7.120000E+00	4.180000E+01
0.120000	-6.110000E+00	3.830000E+01
0.130000	-5.440000E+00	3.530000E+01
0.140000	-4.830000E+00	3.280000E+01
0.150000	-4.450000E+00	3.060000E+01
0.160000	-4.000000E+00	2.860000E+01
0.170000	-3.680000E+00	2.680000E+01
0.180000	-3.450000E+00	2.520000E+01
0.190000	-3.300000E+00	2.380000E+01
0.200000	-3.120000E+00	2.250000E+01
0.220000	-3.110000E+00	2.020000E+01
0.240000	-3.160000E+00	1.840000E+01
0.260000	-3.290000E+00	1.710000E+01
0.280000	-3.300000E+00	1.600000E+01
0.300000	-3.190000E+00	1.500000E+01
0.320000	-3.120000E+00	1.420000E+01
0.340000	-3.070000E+00	1.340000E+01
0.360000	-3.000000E+00	1.270000E+01
0.380000	-2.920000E+00	1.210000E+01
0.400000	-2.840000E+00	1.140000E+01
0.450000	-3.200000E+00	1.020000E+01
0.500000	-3.030000E+00	9.640000E+00
0.550000	-2.900000E+00	8.920000E+00
0.600001	-2.840000E+00	8.350000E+00
0.650002	-2.690000E+00	7.920000E+00
0.700001	-2.590000E+00	7.480000E+00
0.749998	-2.490000E+00	7.130000E+00
0.800000	-2.380000E+00	6.820000E+00
0.849999	-2.270000E+00	6.510000E+00
0.899997	-2.180000E+00	6.230000E+00
0.950002	-2.110000E+00	5.980000E+00
1.000000	-2.060000E+00	5.740000E+00
1.050002	-2.010000E+00	5.550000E+00
1.100001	-1.970000E+00	5.380000E+00
1.149997	-1.910000E+00	5.240000E+00
1.199996	-1.850000E+00	5.100000E+00
1.250000	-1.800000E+00	4.970000E+00
1.300000	-1.740000E+00	4.850000E+00
1.350001	-1.690000E+00	4.730000E+00
1.400001	-1.650000E+00	4.630000E+00
1.450001	-1.590000E+00	4.550000E+00
1.500001	-1.530000E+00	4.470000E+00
1.550000	-1.480000E+00	4.380000E+00
1.600000	-1.430000E+00	4.310000E+00
1.650000	-1.360000E+00	4.250000E+00
1.700000	-1.280000E+00	4.180000E+00
1.750000	-1.210000E+00	4.090000E+00
1.799999	-1.140000E+00	4.000000E+00
1.850000	-1.080000E+00	3.910000E+00
1.900001	-1.020000E+00	3.820000E+00
1.950000	-9.800000E-01	3.740000E+00
2.000000	-9.300000E-01	3.650000E+00
2.100000	-8.500000E-01	3.480000E+00
2.200002	-8.000000E-01	3.330000E+00
2.299998	-7.500000E-01	3.190000E+00
2.400002	-7.100000E-01	3.060000E+00
2.500000	-6.700000E-01	2.930000E+00
2.600001	-6.600000E-01	2.810000E+00
2.700001	-6.400000E-01	2.710000E+00
2.799998	-6.200000E-01	2.610000E+00
2.900002	-6.200000E-01	2.520000E+00
2.999998	-6.100000E-01	2.440000E+00
3.100004	-6.100000E-01	2.360000E+00
3.199996	-6.100000E-01	2.300000E+00
3.300000	-6.100000E-01	2.230000E+00
3.400001	-6.200000E-01	2.170000E+00
3.499996	-6.300000E-01	2.110000E+00
3.599999	-6.400000E-01	2.070000E+00
3.700001	-6.600000E-01	2.020000E+00
3.800002	-6.900000E-01	1.990000E+00
3.900005	-7.200000E-01	1.980000E+00
4.000000	-7.300000E-01	1.980000E+00
4.100003	-7.400000E-01	1.990000E+00
4.200007	-7.400000E-01	2.010000E+00
4.299994	-7.300000E-01	2.030000E+00
4.399996	-7.100000E-01	2.060000E+00
4.500002	-6.700000E-01	2.070000E+00
4.599996	-6.300000E-01	2.090000E+00
4.700004	-5.900000E-01	2.100000E+00
4.799994	-5.300000E-01	2.110000E+00
4.900008	-4.700000E-01	2.110000E+00
5.000000	-4.000000E-01	2.100000E+00
5.100001	-3.300000E-01	2.070000E+00
5.200002	-2.700000E-01	2.040000E+00
5.299989	-2.100000E-01	1.990000E+00
5.399990	-1.600000E-01	1.940000E+00
5.500004	-1.200000E-01	1.880000E+00
5.599996	-9.000000E-02	1.830000E+00
5.699994	-6.000000E-02	1.780000E+00
5.799990	-4.000000E-02	1.730000E+00
5.899989	-2.000000E-02	1.670000E+00
6.199992	0.000000E+00	1.540000E+00
6.399992	-1.000000E-02	1.460000E+00
6.600017	-1.000000E-02	1.400000E+00
6.799982	-2.000000E-02	1.350000E+00
7.000011	-3.000000E-02	1.300000E+00
7.200019	-3.000000E-02	1.270000E+00
7.399980	-3.000000E-02	1.240000E+00
7.599980	-2.000000E-02	1.210000E+00
7.799986	-2.000000E-02	1.180000E+00
8.000000	-1.000000E-02	1.150000E+00
8.200007	0.000000E+00	1.130000E+00
8.400014	8.000000E-03	1.110000E+00
8.599988	1.900000E-02	1.080000E+00
8.800023	2.800000E-02	1.050000E+00
8.999971	3.400000E-02	1.010000E+00
9.199991	4.100000E-02	9.870000E-01
9.399973	4.600000E-02	9.570000E-01
9.599988	5.100000E-02	9.270000E-01
9.800016	5.200000E-02	8.950000E-01
10.000000	5.400000E-02	8.670000E-01
10.200002	5.200000E-02	8.330000E-01
10.399960	4.900000E-02	8.000000E-01
10.600024	2.600000E-02	7.590000E-01
10.800028	7.000000E-03	7.470000E-01
11.000009	-1.000000E-02	7.270000E-01
11.250045	-4.000000E-02	7.170000E-01
11.499968	-5.000000E-02	7.150000E-01
11.749988	-7.000000E-02	7.140000E-01
11.999961	-7.000000E-02	7.150000E-01
12.250020	-7.000000E-02	7.120000E-01
12.500000	-8.000000E-02	7.090000E-01
12.750002	-8.000000E-02	7.090000E-01
13.000004	-8.000000E-02	7.060000E-01
13.250002	-8.000000E-02	7.060000E-01
13.500005	-7.000000E-02	7.050000E-01
13.749996	-7.000000E-02	7.040000E-01
14.000007	-7.000000E-02	7.070000E-01
14.250001	-5.000000E-02	7.050000E-01
14.500008	-5.000000E-02	7.030000E-01
14.750007	-4.000000E-02	7.040000E-01
15.000006	-3.000000E-02	7.000000E-01
15.249993	-2.000000E-02	6.940000E-01
15.499999	-1.000000E-02	6.870000E-01
15.749992	0.000000E+00	6.800000E-01
16.000000	7.000000E-03	6.740000E-01
16.499999	2.500000E-02	6.600000E-01
17.000003	4.100000E-02	6.430000E-01
17.500004	5.900000E-02	6.280000E-01
17.999994	7.600000E-02	6.060000E-01
18.500004	8.800000E-02	5.820000E-01
19.000009	9.600000E-02	5.600000E-01
19.499996	1.040000E-01	5.370000E-01
20.000000	1.060000E-01	5.130000E-01
20.499983	1.070000E-01	4.930000E-01
20.999998	1.020000E-01	4.710000E-01
21.500006	9.400000E-02	4.580000E-01
22.000018	9.100000E-02	4.510000E-01
22.500009	8.900000E-02	4.430000E-01
23.000020	8.500000E-02	4.360000E-01
23.500021	8.900000E-02	4.380000E-01
24.000015	9.500000E-02	4.310000E-01
24.499991	1.030000E-01	4.270000E-01
25.000000	1.120000E-01	4.180000E-01
26.000008	1.230000E-01	3.940000E-01
27.000011	1.270000E-01	3.720000E-01
27.999982	1.320000E-01	3.540000E-01
29.000016	1.370000E-01	3.360000E-01
29.999976	1.400000E-01	3.180000E-01
30.000000	2.892268E-01	2.558024E-01
30.244587	2.858540E-01	2.504871E-01
30.491169	2.823620E-01	2.454058E-01
30.739760	2.789096E-01	2.404212E-01
30.990378	2.754243E-01	2.355716E-01
31.243040	2.719848E-01	2.308092E-01
31.497761	2.684748E-01	2.261547E-01
31.754560	2.650109E-01	2.215834E-01
32.013451	2.614805E-01	2.171145E-01
32.274454	2.579950E-01	2.127259E-01
32.537584	2.544497E-01	2.084352E-01
32.802860	2.509477E-01	2.042223E-01
33.070298	2.473912E-01	2.001031E-01
33.339917	2.438758E-01	1.960590E-01
33.611735	2.403045E-01	1.921040E-01
33.885768	2.367701E-01	1.882216E-01
34.162035	2.331656E-01	1.844247E-01
34.440555	2.295998E-01	1.807075E-01
34.721345	2.259887E-01	1.771266E-01
35.004425	2.224231E-01	1.736253E-01
35.289814	2.188567E-01	1.702645E-01
35.577528	2.153378E-01	1.669647E-01
35.867588	2.118349E-01	1.637323E-01
36.160013	2.083704E-01	1.605590E-01
36.454821	2.048976E-01	1.574505E-01
36.752034	2.014569E-01	1.543992E-01
37.051670	1.979966E-01	1.514099E-01
37.353749	1.945583E-01	1.484758E-01
37.658290	1.910812E-01	1.456009E-01
37.965315	1.875991E-01	1.427794E-01
38.274843	1.840233E-01	1.400150E-01
38.586893	1.804794E-01	1.374353E-01
38.901488	1.769326E-01	1.351925E-01
39.218649	1.734828E-01	1.329937E-01
39.538394	1.701601E-01	1.308455E-01
39.860747	1.669107E-01	1.287319E-01
40.185728	1.637445E-01	1.266525E-01
40.513358	1.606182E-01	1.246067E-01
40.843660	1.575228E-01	1.225939E-01
41.176655	1.544434E-01	1.206137E-01
41.512364	1.513641E-01	1.186654E-01
41.850810	1.482705E-01	1.167485E-01
42.192015	1.451440E-01	1.148625E-01
42.536004	1.420376E-01	1.131389E-01
42.882795	1.389455E-01	1.115953E-01
43.232413	1.359590E-01	1.101429E-01
43.584884	1.330788E-01	1.087833E-01
43.940227	1.302850E-01	1.074404E-01
44.298468	1.275746E-01	1.061142E-01
44.659628	1.249183E-01	1.048044E-01
45.023734	1.223146E-01	1.035110E-01
45.390808	1.197495E-01	1.022333E-01
45.760876	1.172242E-01	1.009714E-01
46.133959	1.147282E-01	9.972494E-02
46.510085	1.122657E-01	9.849414E-02
46.889278	1.097639E-01	9.727825E-02
47.271560	1.072535E-01	9.607773E-02
47.656962	1.047229E-01	9.494782E-02
48.045504	1.022004E-01	9.386451E-02
48.437214	9.975799E-02	9.296624E-02
48.832118	9.737867E-02	9.216790E-02
49.230242	9.510480E-02	9.137628E-02
49.631612	9.290216E-02	9.059155E-02
50.036254	9.075833E-02	8.981354E-02
50.444194	8.866186E-02	8.904238E-02
50.855461	8.660104E-02	8.827760E-02
51.270080	8.457728E-02	8.751952E-02
51.688080	8.257593E-02	8.676789E-02
52.109489	8.060688E-02	8.602293E-02
52.534332	7.865613E-02	8.531214E-02
52.962640	7.673665E-02	8.461537E-02
53.394438	7.484479E-02	8.393385E-02
53.829759	7.298652E-02	8.326020E-02
54.268627	7.114320E-02	8.259210E-02
54.711075	6.933057E-02	8.192934E-02
55.157127	6.751989E-02	8.127188E-02
55.606818	6.573802E-02	8.061964E-02
56.060176	6.395113E-02	7.997270E-02
56.517228	6.219299E-02	7.933093E-02
56.978009	6.046616E-02	7.868420E-02
57.442544	5.877267E-02	7.804158E-02
57.910868	5.696202E-02	7.723340E-02
58.383010	5.517382E-02	7.641902E-02
58.859001	5.318361E-02	7.561239E-02
59.338873	5.121925E-02	7.481520E-02
59.822655	4.896589E-02	7.402545E-02
60.310386	4.674811E-02	7.324497E-02
60.802088	4.385350E-02	7.270950E-02
61.297804	4.101312E-02	7.218892E-02
61.797559	3.817722E-02	7.239865E-02
62.301389	3.539923E-02	7.259494E-02
62.809326	3.253926E-02	7.280529E-02
63.321402	2.970097E-02	7.300284E-02
63.837656	2.625643E-02	7.321401E-02
64.358118	2.280518E-02	7.363637E-02
64.882823	1.849923E-02	7.648781E-02
65.411806	1.448781E-02	7.947130E-02
65.945104	1.215462E-02	8.410054E-02
66.482748	1.013357E-02	8.870999E-02
67.024774	9.840020E-03	9.386729E-02
67.571221	1.001766E-02	9.902353E-02
68.122122	1.268469E-02	1.047675E-01
68.677518	1.556246E-02	1.094430E-01
69.237435	1.961806E-02	1.098514E-01
69.801924	2.336821E-02	1.101868E-01
70.371012	2.623078E-02	1.103109E-01
70.944741	2.893460E-02	1.103951E-01
71.523145	3.127943E-02	1.103870E-01
72.106268	3.353851E-02	1.101069E-01
72.694144	3.566479E-02	1.090613E-01
73.286810	3.755346E-02	1.080261E-01
73.884310	3.891984E-02	1.070003E-01
74.486683	4.020348E-02	1.059846E-01
75.093964	4.134752E-02	1.049782E-01
75.706199	4.246562E-02	1.039817E-01
76.323425	4.356571E-02	1.029943E-01
76.945682	4.461190E-02	1.019172E-01
77.573015	4.558682E-02	1.006670E-01
78.205455	4.647309E-02	9.939776E-02
78.843059	4.723296E-02	9.808581E-02
79.485859	4.792043E-02	9.679151E-02
80.133902	4.851262E-02	9.551400E-02
80.787224	4.906521E-02	9.425363E-02
81.445877	4.957206E-02	9.300974E-02
82.109892	5.008122E-02	9.178238E-02
82.779329	5.059759E-02	9.057101E-02
83.454221	5.110727E-02	8.923403E-02
84.134613	5.161191E-02	8.775674E-02
84.820555	5.198079E-02	8.626888E-02
85.512088	5.221458E-02	8.477015E-02
86.209264	5.237268E-02	8.329746E-02
86.912120	5.246150E-02	8.185031E-02
87.620703	5.249250E-02	8.042838E-02
88.335068	5.247476E-02	7.903108E-02
89.055254	5.240952E-02	7.765815E-02
89.781311	5.230758E-02	7.630894E-02
90.513290	5.214778E-02	7.498331E-02
91.251238	5.194793E-02	7.368054E-02
91.995201	5.168399E-02	7.242786E-02
92.745226	5.138066E-02	7.121368E-02
93.501368	5.108429E-02	7.007939E-02
94.263677	5.079199E-02	6.899724E-02
95.032203	5.051527E-02	6.793170E-02
95.806988	5.024636E-02	6.688273E-02
96.588091	4.997118E-02	6.584985E-02
97.375564	4.969326E-02	6.483304E-02
98.169462	4.940846E-02	6.383181E-02
98.969829	4.912117E-02	6.284618E-02
99.776722	4.882701E-02	6.187564E-02
100.590186	4.853086E-02	6.092023E-02
101.410289	4.822842E-02	5.997939E-02
102.237077	4.792469E-02	5.905321E-02
103.070611	4.761573E-02	5.814120E-02
103.910933	4.730623E-02	5.724344E-02
104.758112	4.699409E-02	5.635940E-02
105.612192	4.668240E-02	5.548919E-02
106.473234	4.637501E-02	5.463223E-02
107.341304	4.606956E-02	5.378868E-02
108.216446	4.575764E-02	5.293037E-02
109.098726	4.544592E-02	5.208099E-02
109.988193	4.512054E-02	5.123875E-02
110.884923	4.479498E-02	5.040918E-02
111.788956	4.445036E-02	4.959309E-02
112.700362	4.410592E-02	4.879020E-02
113.619191	4.375333E-02	4.800030E-02
114.545516	4.340265E-02	4.722316E-02
115.479400	4.304473E-02	4.645866E-02
116.420885	4.268926E-02	4.570650E-02
117.370059	4.232977E-02	4.496655E-02
118.326965	4.197323E-02	4.423855E-02
119.291670	4.161530E-02	4.352237E-02
120.264244	4.126051E-02	4.281728E-02
121.244755	4.090743E-02	4.210073E-02
122.233250	4.055625E-02	4.139566E-02
123.229802	4.018086E-02	4.069597E-02
124.234483	3.980795E-02	4.000787E-02
125.247354	3.942112E-02	3.933164E-02
126.268484	3.903685E-02	3.866662E-02
127.297939	3.864092E-02	3.801300E-02
128.335787	3.824730E-02	3.737024E-02
129.382096	3.784172E-02	3.673859E-02
130.436936	3.743663E-02	3.611743E-02
131.500375	3.701003E-02	3.550693E-02
132.572486	3.657733E-02	3.490658E-02
133.653335	3.609182E-02	3.431652E-02
134.742999	3.561500E-02	3.376093E-02
135.841545	3.515235E-02	3.332019E-02
136.949047	3.470816E-02	3.288771E-02
138.065580	3.431395E-02	3.246868E-02
139.191216	3.393065E-02	3.205525E-02
140.326029	3.357100E-02	3.164679E-02
141.470093	3.321996E-02	3.124378E-02
142.623485	3.288530E-02	3.084569E-02
143.786280	3.255838E-02	3.045288E-02
144.958556	3.224503E-02	3.006486E-02
146.140390	3.193898E-02	2.968201E-02
147.331858	3.164497E-02	2.930393E-02
148.533040	3.135847E-02	2.893081E-02
149.744015	3.108385E-02	2.856223E-02
150.964864	3.081751E-02	2.819846E-02
152.195666	3.056385E-02	2.783916E-02
153.436502	3.031979E-02	2.748459E-02
154.687455	3.008968E-02	2.713451E-02
155.948607	2.988980E-02	2.678366E-02
157.220041	2.973268E-02	2.642947E-02
158.501840	2.957396E-02	2.603087E-02
159.794090	2.941321E-02	2.557289E-02
161.096877	2.921956E-02	2.512293E-02
162.410285	2.898728E-02	2.468094E-02
163.734400	2.874921E-02	2.424671E-02
165.069310	2.850482E-02	2.382014E-02
166.415104	2.825676E-02	2.340107E-02
167.771871	2.800523E-02	2.298937E-02
169.139699	2.775137E-02	2.258492E-02
170.518677	2.749575E-02	2.218758E-02
171.908901	2.723867E-02	2.179727E-02
173.310458	2.698093E-02	2.141380E-02
174.723440	2.672277E-02	2.103711E-02
176.147943	2.646503E-02	2.066700E-02
177.584062	2.620717E-02	2.030340E-02
179.031886	2.595017E-02	1.994611E-02
180.491517	2.569370E-02	1.959524E-02
181.963047	2.543868E-02	1.925052E-02
183.446573	2.518466E-02	1.891186E-02
184.942194	2.493247E-02	1.857906E-02
186.450011	2.468162E-02	1.825227E-02
187.970119	2.443287E-02	1.793117E-02
189.502622	2.418613E-02	1.761576E-02
191.047618	2.394184E-02	1.730576E-02
192.605212	2.370001E-02	1.700135E-02
194.175502	2.346080E-02	1.670218E-02
195.758597	2.322486E-02	1.640840E-02
197.354598	2.299178E-02	1.611968E-02
198.963611	2.276773E-02	1.583615E-02
200.585743	2.254807E-02	1.555748E-02
202.221098	2.234010E-02	1.528383E-02
203.869787	2.213670E-02	1.501487E-02
205.531919	2.193421E-02	1.471641E-02
207.207599	2.173348E-02	1.441540E-02
208.896944	2.151706E-02	1.411468E-02
210.600059	2.129961E-02	1.381836E-02
212.317061	2.107313E-02	1.352890E-02
214.048062	2.084751E-02	1.324490E-02
215.793175	2.061709E-02	1.296746E-02
217.552515	2.038855E-02	1.269520E-02
219.326201	2.015694E-02	1.242929E-02
221.114348	1.992769E-02	1.216831E-02
222.917069	1.969630E-02	1.191348E-02
224.734491	1.946754E-02	1.166333E-02
226.566731	1.923749E-02	1.141908E-02
228.413905	1.901027E-02	1.117928E-02
230.276142	1.878219E-02	1.094517E-02
232.153565	1.855705E-02	1.071531E-02
234.046290	1.833144E-02	1.049094E-02
235.954444	1.810879E-02	1.027064E-02
237.878158	1.788623E-02	1.005556E-02
239.817556	1.766656E-02	9.844410E-03
241.772764	1.744733E-02	9.638252E-03
243.743918	1.723093E-02	9.435889E-03
245.731135	1.701529E-02	9.238262E-03
247.734557	1.680241E-02	9.044301E-03
249.754315	1.659060E-02	8.854855E-03
251.790535	1.638149E-02	8.668956E-03
253.843363	1.617369E-02	8.487377E-03
255.912919	1.596855E-02	8.309219E-03
257.999353	1.576495E-02	8.135147E-03
260.102800	1.556399E-02	7.964382E-03
262.223390	1.536484E-02	7.797532E-03
264.361275	1.516828E-02	7.633872E-03
266.516585	1.497369E-02	7.473929E-03
268.689468	1.478172E-02	7.317067E-03
270.880067	1.459208E-02	7.163749E-03
273.088525	1.440497E-02	7.013407E-03
275.314989	1.422011E-02	6.866444E-03
277.559606	1.403931E-02	6.722356E-03
279.822523	1.386500E-02	6.581484E-03
282.103892	1.369333E-02	6.442173E-03
284.403857	1.352461E-02	6.303043E-03
286.722576	1.335714E-02	6.162192E-03
289.060198	1.318974E-02	6.014814E-03
291.416877	1.302177E-02	5.870708E-03
293.792771	1.285060E-02	5.730284E-03
296.188030	1.268025E-02	5.593012E-03
298.602824	1.250953E-02	5.459215E-03
301.037302	1.234002E-02	5.328453E-03
303.491630	1.217099E-02	5.200961E-03
305.965971	1.200339E-02	5.076399E-03
308.460483	1.183675E-02	4.954933E-03
310.975332	1.167162E-02	4.836281E-03
313.510682	1.150771E-02	4.720544E-03
316.066705	1.134537E-02	4.607516E-03
318.643568	1.118444E-02	4.497237E-03
321.241436	1.102512E-02	4.389566E-03
323.860488	1.086735E-02	4.284486E-03
326.500894	1.071123E-02	4.181926E-03
329.162823	1.055676E-02	4.081814E-03
331.846448	1.040394E-02	3.984119E-03
334.551965	1.025283E-02	3.888726E-03
337.279533	1.010339E-02	3.795659E-03
340.029344	9.955710E-03	3.704763E-03
342.801565	9.809720E-03	3.616111E-03
345.596393	9.665550E-03	3.529509E-03
348.414010	9.523050E-03	3.445062E-03
351.254599	9.382380E-03	3.362545E-03
354.118339	9.243450E-03	3.282102E-03
357.005431	9.106410E-03	3.203476E-03
359.916068	8.971170E-03	3.126848E-03
362.850426	8.837850E-03	3.051934E-03
365.808706	8.706930E-03	2.978938E-03
368.791110	8.578190E-03	2.907556E-03
371.797836	8.450710E-03	2.836097E-03
374.829059	8.324890E-03	2.765387E-03
377.885004	8.199800E-03	2.696026E-03
380.965866	8.076200E-03	2.627986E-03
384.071842	7.953170E-03	2.561858E-03
387.203145	7.831620E-03	2.497192E-03
390.359979	7.711080E-03	2.434367E-03
393.542538	7.592190E-03	2.372915E-03
396.751058	7.474390E-03	2.313225E-03
399.985727	7.358260E-03	2.254820E-03
403.246777	7.243290E-03	2.198107E-03
406.534403	7.129990E-03	2.142599E-03
409.848842	7.017870E-03	2.088716E-03
413.190295	6.907430E-03	2.035962E-03
416.558996	6.798130E-03	1.984771E-03
419.955167	6.690490E-03	1.934637E-03
423.379018	6.584020E-03	1.885999E-03
426.830794	6.479190E-03	1.838352E-03
430.310700	6.375500E-03	1.792140E-03
433.818986	6.273430E-03	1.746855E-03
437.355863	6.172520E-03	1.702951E-03
440.921592	6.073200E-03	1.659915E-03
444.516375	5.975010E-03	1.618204E-03
448.140481	5.878370E-03	1.577304E-03
451.794118	5.782880E-03	1.537674E-03
455.477547	5.688920E-03	1.498808E-03
459.191019	5.596090E-03	1.461151E-03
462.934751	5.504750E-03	1.424226E-03
466.709019	5.414550E-03	1.388437E-03
470.514048	5.325800E-03	1.353353E-03
474.350105	5.238210E-03	1.319341E-03
478.217442	5.152040E-03	1.286009E-03
482.116297	5.067130E-03	1.253682E-03
486.046948	4.983600E-03	1.222012E-03
490.009641	4.901550E-03	1.191290E-03
494.004645	4.820900E-03	1.161093E-03
498.032214	4.741920E-03	1.131084E-03
502.092626	4.664110E-03	1.101361E-03
506.186143	4.586930E-03	1.070661E-03
510.313032	4.510660E-03	1.040650E-03
514.473563	4.434020E-03	1.011634E-03
518.668011	4.358450E-03	9.832817E-04
522.896657	4.283340E-03	9.558601E-04
527.159784	4.209300E-03	9.290768E-04
531.457660	4.135890E-03	9.031626E-04
535.790600	4.063520E-03	8.778611E-04
540.158836	3.991840E-03	8.533684E-04
544.562692	3.921160E-03	8.294656E-04
549.002479	3.851180E-03	8.063196E-04
553.478437	3.782190E-03	7.837398E-04
557.990884	3.713920E-03	7.618652E-04
562.540144	3.646600E-03	7.405342E-04
567.126472	3.579970E-03	7.198615E-04
571.750200	3.514260E-03	6.997109E-04
576.411617	3.449230E-03	6.801738E-04
581.111041	3.385060E-03	6.611378E-04
585.848798	3.321570E-03	6.426737E-04
590.625162	3.258860E-03	6.246905E-04
595.440467	3.196760E-03	6.072407E-04
600.295054	3.135260E-03	5.902524E-04
605.189182	3.074180E-03	5.737608E-04
610.123233	3.013940E-03	5.582161E-04
615.097503	2.954470E-03	5.437476E-04
620.112358	2.895900E-03	5.297817E-04
625.168073	2.838200E-03	5.163364E-04
630.264991	2.781400E-03	5.032291E-04
635.403496	2.725490E-03	4.904555E-04
640.583877	2.670270E-03	4.780075E-04
645.806495	2.615770E-03	4.658729E-04
651.071685	2.561870E-03	4.540505E-04
656.379818	2.508620E-03	4.425218E-04
661.731206	2.455890E-03	4.312936E-04
667.126233	2.403770E-03	4.203410E-04
672.565256	2.352070E-03	4.096772E-04
678.048600	2.300940E-03	3.992721E-04
683.576671	2.250160E-03	3.891443E-04
689.149804	2.199940E-03	3.792589E-04
694.768380	2.149980E-03	3.696400E-04
700.432745	2.100570E-03	3.602484E-04
706.143333	2.051580E-03	3.511136E-04
711.900463	2.003240E-03	3.421924E-04
717.704499	1.955000E-03	3.322964E-04
723.555894	1.907310E-03	3.220715E-04
729.454941	1.857790E-03	3.104071E-04
735.402152	1.808110E-03	2.983116E-04
741.397785	1.755010E-03	2.867785E-04
747.442325	1.701380E-03	2.755978E-04
753.536174	1.647030E-03	2.683571E-04
759.679650	1.593200E-03	2.624409E-04
765.873261	1.537550E-03	2.558389E-04
772.117335	1.482210E-03	2.491402E-04
778.412349	1.423480E-03	2.428716E-04
784.758692	1.364880E-03	2.367951E-04
791.156759	1.301000E-03	2.310806E-04
797.606948	1.237130E-03	2.255244E-04
804.109768	1.163890E-03	2.201425E-04
810.665581	1.090400E-03	2.148737E-04
817.274862	9.985500E-04	2.097508E-04
823.938038	9.059800E-04	2.047304E-04
830.655545	7.670500E-04	1.998508E-04
837.427766	6.260000E-04	1.950676E-04
844.255264	1.278000E-04	1.904187E-04
851.138382	-3.880000E-04	1.858605E-04
858.077640	-5.678000E-04	1.454521E-03
865.073451	5.478800E-04	1.414998E-03
872.126294	7.244600E-04	1.376793E-03
879.236654	8.702000E-04	1.339344E-03
886.405029	9.454300E-04	1.303187E-03
893.631796	1.017880E-03	1.267745E-03
900.917464	1.061980E-03	1.233517E-03
908.262552	1.104210E-03	1.199974E-03
915.667523	1.130800E-03	1.167571E-03
923.132916	1.155960E-03	1.135866E-03
930.659138	1.171400E-03	1.105751E-03
938.246674	1.185630E-03	1.076220E-03
945.896087	1.192550E-03	1.047302E-03
953.607950	1.198140E-03	1.018957E-03
961.382629	1.195750E-03	9.912640E-04
969.220639	1.192300E-03	9.650137E-04
977.122580	1.182930E-03	9.447921E-04
985.088988	1.172300E-03	9.271360E-04
993.120331	1.154960E-03	9.209266E-04
1001.217160	1.143920E-03	9.174909E-04
1009.379955	1.158840E-03	9.257740E-04
1017.609370	1.174150E-03	9.267959E-04
1025.905818	1.192250E-03	9.021615E-04
1034.269974	1.205680E-03	8.779891E-04
1042.702266	1.205550E-03	8.542389E-04
1051.203300	1.204650E-03	8.309997E-04
1059.773608	1.201860E-03	8.083565E-04
1068.413909	1.198340E-03	7.862499E-04
1077.124569	1.193180E-03	7.648141E-04
1085.906237	1.187460E-03	7.438954E-04
1094.759574	1.180530E-03	7.236096E-04
1103.684962	1.173170E-03	7.038201E-04
1112.683279	1.164940E-03	6.846191E-04
1121.754823	1.156360E-03	6.658971E-04
1130.900398	1.147130E-03	6.477295E-04
1140.120517	1.137620E-03	6.300226E-04
1149.415803	1.127620E-03	6.128333E-04
1158.786891	1.117400E-03	5.960845E-04
1168.234316	1.106820E-03	5.798171E-04
1177.758844	1.096070E-03	5.639725E-04
1187.361031	1.085060E-03	5.485780E-04
1197.041440	1.073910E-03	5.335893E-04
1206.800875	1.062580E-03	5.190211E-04
1216.639801	1.051150E-03	5.048422E-04
1226.558928	1.039610E-03	4.910553E-04
1236.558856	1.028000E-03	4.776216E-04
1246.640466	1.016330E-03	4.645335E-04
1256.804196	1.004590E-03	4.517835E-04
1267.050804	9.928200E-04	4.393566E-04
1277.380943	9.809900E-04	4.272487E-04
1287.795307	9.691400E-04	4.154401E-04
1298.294585	9.572600E-04	4.039691E-04
1308.879451	9.453800E-04	3.928010E-04
1319.550618	9.334900E-04	3.819565E-04
1330.308782	9.216500E-04	3.713943E-04
1341.154666	9.098200E-04	3.611417E-04
1352.088975	8.980500E-04	3.511518E-04
1363.112425	8.863000E-04	3.414603E-04
1374.225745	8.746400E-04	3.320146E-04
1385.429676	8.630100E-04	3.228538E-04
1396.724954	8.514800E-04	3.139211E-04
1408.112312	8.400000E-04	3.052609E-04
1419.592513	8.286300E-04	2.968127E-04
1431.166314	8.173200E-04	2.886260E-04
1442.834486	8.061300E-04	2.806366E-04
1454.597760	7.950300E-04	2.728836E-04
1466.456967	7.840600E-04	2.653097E-04
1478.412847	7.731600E-04	2.579536E-04
1490.466204	7.623900E-04	2.507625E-04
1502.617819	7.516800E-04	2.437147E-04
1514.868524	7.411000E-04	2.368057E-04
1527.219108	7.305400E-04	2.301160E-04
1539.670375	7.201000E-04	2.235766E-04
1552.223157	7.097000E-04	2.172605E-04
1564.878285	6.994400E-04	2.110867E-04
1577.636580	6.892400E-04	2.051238E-04
1590.498900	6.791800E-04	1.992923E-04
1603.466094	6.691900E-04	1.936632E-04
1616.538985	6.593400E-04	1.881557E-04
1629.718472	6.495700E-04	1.828412E-04
1643.005405	6.399400E-04	1.776395E-04
1656.400670	6.303900E-04	1.726239E-04
1669.905144	6.209800E-04	1.677126E-04
1683.519720	6.116600E-04	1.629791E-04
1697.245306	6.024700E-04	1.583420E-04
1711.082776	5.933900E-04	1.538751E-04
1725.033068	5.844500E-04	1.494974E-04
1739.097087	5.755900E-04	1.452461E-04
1753.275775	5.668800E-04	1.410798E-04
1767.570068	5.582300E-04	1.370563E-04
1781.980890	5.497200E-04	1.331150E-04
1796.509208	5.412800E-04	1.293105E-04
1811.155976	5.329700E-04	1.255858E-04
1825.922165	5.247500E-04	1.219957E-04
1840.808737	5.166500E-04	1.184824E-04
1855.816667	5.086500E-04	1.150948E-04
1870.946973	5.007600E-04	1.117809E-04
1886.200609	4.929700E-04	1.085838E-04
1901.578628	4.852900E-04	1.054578E-04
1917.082013	4.777100E-04	1.024419E-04
1932.711792	4.702400E-04	9.949445E-05
1948.469014	4.628700E-04	9.664841E-05
1964.354679	4.556100E-04	9.386791E-05
1980.369867	4.484500E-04	9.118121E-05
1996.515647	4.413900E-04	8.856139E-05
2012.793039	4.344400E-04	8.604273E-05
2029.203143	4.275900E-04	8.357786E-05
2045.747049	4.208400E-04	8.117478E-05
2062.425827	4.141900E-04	7.882981E-05
2079.240601	4.076300E-04	7.656049E-05
2096.192442	4.011700E-04	7.434712E-05
2113.282475	3.948000E-04	7.220435E-05
2130.511879	3.885200E-04	7.011564E-05
2147.881745	3.823400E-04	6.809352E-05
2165.393216	3.762400E-04	6.612257E-05
2183.047455	3.702300E-04	6.421228E-05
2200.845605	3.643200E-04	6.235240E-05
2218.788908	3.584900E-04	6.055120E-05
2236.878465	3.527500E-04	5.879714E-05
2255.115518	3.471000E-04	5.709589E-05
2273.501246	3.415300E-04	5.544023E-05
2292.036891	3.360400E-04	5.383414E-05
2310.723672	3.306400E-04	5.227252E-05
2329.562741	3.253200E-04	5.075798E-05
2348.555444	3.200800E-04	4.928534E-05
2367.703018	3.149200E-04	4.785574E-05
2387.006674	3.098400E-04	4.646687E-05
2406.467688	3.048300E-04	4.511855E-05
2426.087402	2.999100E-04	4.380846E-05
2445.867042	2.950600E-04	4.253532E-05
2465.807947	2.902800E-04	4.129933E-05
2485.911481	2.855800E-04	4.009822E-05
2506.178879	2.809600E-04	3.893330E-05
2526.611498	2.764000E-04	3.780120E-05
2547.210716	2.719200E-04	3.670228E-05
2567.977883	2.675000E-04	3.563282E-05
2588.914372	2.631600E-04	3.459647E-05
2610.021523	2.588800E-04	3.358834E-05
2631.300751	2.546700E-04	3.261125E-05
2652.753497	2.505200E-04	3.165998E-05
2674.381171	2.464500E-04	3.073873E-05
2696.185146	2.424300E-04	2.984161E-05
2718.166874	2.384800E-04	2.897304E-05
2740.327834	2.345900E-04	2.812676E-05
2762.669468	2.307700E-04	2.730787E-05
2785.193241	2.270000E-04	2.650966E-05
2807.900642	2.232900E-04	2.573756E-05
2830.793185	2.196500E-04	2.498461E-05
2853.872344	2.160600E-04	2.425682E-05
2877.139684	2.125300E-04	2.354683E-05
2900.596728	2.090500E-04	2.286069E-05
2924.245024	2.056300E-04	2.219097E-05
2948.086078	2.022700E-04	2.154420E-05
2972.121557	1.989500E-04	2.091266E-05
2996.353019	1.957000E-04	2.030310E-05
3020.781971	1.924900E-04	1.970762E-05
3045.410091	1.893400E-04	1.913300E-05
3070.239010	1.862300E-04	1.857140E-05
3095.270390	1.831800E-04	1.802969E-05
3120.505841	1.801800E-04	1.750000E-05
3145.946997	1.772200E-04	1.698950E-05
3171.595601	1.743100E-04	1.649010E-05
3197.453344	1.714500E-04	1.600889E-05
3223.521861	1.686400E-04	1.553795E-05
3249.802896	1.658700E-04	1.508454E-05
3276.298226	1.631400E-04	1.464060E-05
3303.009567	1.604600E-04	1.421327E-05
3329.938755	1.578300E-04	1.379465E-05
3357.087385	1.552300E-04	1.339189E-05
3384.457440	1.526800E-04	1.299726E-05
3412.050571	1.501700E-04	1.261752E-05
3439.868638	1.477000E-04	1.224554E-05
3467.913631	1.452700E-04	1.188768E-05
3496.187188	1.428800E-04	1.153729E-05
3524.691261	1.405300E-04	1.119978E-05
3553.427741	1.382200E-04	1.086947E-05
3582.398444	1.359400E-04	1.055139E-05
3611.605424	1.337000E-04	1.024022E-05
3641.050456	1.315000E-04	9.940291E-06
3670.735554	1.293300E-04	9.647015E-06
3700.662767	1.272000E-04	9.364236E-06
3730.833849	1.251100E-04	9.087872E-06
3761.251026	1.230500E-04	8.821359E-06
3791.916111	1.210200E-04	8.560997E-06
3822.831288	1.190200E-04	8.309789E-06
3853.998429	1.170600E-04	8.064467E-06
3885.419670	1.151300E-04	7.827610E-06
3917.097188	1.132300E-04	7.596437E-06
3949.032823	1.113600E-04	7.373234E-06
3981.228945	1.095300E-04	7.155455E-06
4013.687588	1.077200E-04	6.944974E-06
4046.410811	1.059400E-04	6.739736E-06
4079.400708	1.041900E-04	6.541392E-06
4112.659674	1.024700E-04	6.348041E-06
4146.189880	1.007800E-04	6.161015E-06
4179.993247	9.911000E-05	5.978840E-06
4214.072432	9.748000E-05	5.802664E-06
4248.429284	9.587000E-05	5.631088E-06
4283.066401	9.428000E-05	5.464976E-06
4317.985839	9.273000E-05	5.303275E-06
4353.189832	9.119000E-05	5.146666E-06
4388.680955	8.969000E-05	4.994339E-06
4424.461527	8.820000E-05	4.846818E-06
4460.533739	8.674000E-05	4.703323E-06
4496.899975	8.531000E-05	4.564188E-06
4533.562827	8.390000E-05	4.428988E-06
4570.524599	8.251000E-05	4.297944E-06
4607.787629	8.114000E-05	4.170606E-06
4645.354464	7.980000E-05	4.047041E-06
4683.227518	7.848000E-05	3.927061E-06
4721.409425	7.718000E-05	3.810626E-06
4759.902684	7.590000E-05	3.697614E-06
4798.709651	7.464000E-05	3.587887E-06
4837.833088	7.341000E-05	3.481456E-06
4877.275429	7.219000E-05	3.378081E-06
4917.039338	7.099000E-05	3.277806E-06
4957.127524	6.981000E-05	3.180330E-06
4997.542546	6.865000E-05	3.085844E-06
5038.286999	6.751000E-05	2.993964E-06
5079.363727	6.639000E-05	2.905010E-06
5120.775206	6.529000E-05	2.818505E-06
5162.524370	6.421000E-05	2.734719E-06
5204.613997	6.314000E-05	2.653163E-06
5247.046685	6.209000E-05	2.574219E-06
5289.825295	6.106000E-05	2.497348E-06
5332.952740	6.004000E-05	2.423002E-06
5376.431749	5.904000E-05	2.350588E-06
5420.265331	5.806000E-05	2.280550E-06
5464.456308	5.709000E-05	2.212282E-06
5509.007547	5.614000E-05	2.146376E-06
5553.921961	5.520000E-05	2.082141E-06
5599.202509	5.428000E-05	2.020005E-06
5644.852198	5.337000E-05	1.959365E-06
5690.874088	5.248000E-05	1.900875E-06
5737.271291	5.160000E-05	1.843809E-06
5784.046705	5.074000E-05	1.788744E-06
5831.203542	4.989000E-05	1.734983E-06
5878.744796	4.905000E-05	1.683108E-06
5926.673501	4.823000E-05	1.632432E-06
5974.993030	4.742000E-05	1.583557E-06
6023.706819	4.662000E-05	1.535789E-06
6072.817480	4.584000E-05	1.489799E-06
6122.328549	4.507000E-05	1.444839E-06
6172.243325	4.431000E-05	1.401504E-06
6222.564853	4.356000E-05	1.359109E-06
6273.296850	4.282000E-05	1.318317E-06
6324.442470	4.210000E-05	1.278397E-06
6376.005238	4.138000E-05	1.239988E-06
6427.988076	4.068000E-05	1.202380E-06
6480.394950	3.999000E-05	1.166206E-06
6533.228883	3.931000E-05	1.130769E-06
6586.493629	3.864000E-05	1.096715E-06
6640.192661	3.798000E-05	1.063353E-06
6694.329507	3.732000E-05	1.031279E-06
6748.907753	3.668000E-05	9.998681E-07
6803.931046	3.605000E-05	9.696502E-07
6859.402715	3.543000E-05	9.400727E-07
6915.326903	3.481000E-05	9.116187E-07
6971.706669	3.421000E-05	8.837787E-07
7028.546284	3.361000E-05	8.569691E-07
7085.849311	3.302000E-05	8.307529E-07
7143.619773	3.244000E-05	8.055051E-07
7201.860936	3.186000E-05	7.808263E-07
7260.576941	3.129000E-05	7.570461E-07
7319.771584	3.073000E-05	7.338142E-07
7379.449157	3.017000E-05	7.114267E-07
7439.613150	2.962000E-05	6.895629E-07
7500.267543	2.908000E-05	6.684703E-07
7561.416382	2.853000E-05	6.478838E-07
7623.064252	2.799000E-05	6.280249E-07
7685.213935	2.745000E-05	6.086516E-07
7747.871101	2.691000E-05	5.899529E-07
7811.038639	2.637000E-05	5.717202E-07
7874.721426	2.582000E-05	5.541139E-07
7938.922929	2.527000E-05	5.369528E-07
8003.648187	2.469000E-05	5.203694E-07
8068.901310	2.408000E-05	5.042167E-07
8134.686472	2.341000E-05	4.886074E-07
8201.007365	2.253000E-05	4.734140E-07
8267.869364	2.122000E-05	4.587339E-07
8335.276864	1.527000E-05	3.476159E-06
8403.233191	1.908000E-05	3.380007E-06
8471.743987	2.142000E-05	3.286268E-06
8540.813280	2.147000E-05	3.195231E-06
8610.445739	2.144000E-05	3.106429E-06
8680.646115	2.131000E-05	3.020036E-06
8751.418629	2.116000E-05	2.935808E-06
8822.768179	2.096000E-05	2.853854E-06
8894.699117	2.076000E-05	2.773994E-06
8967.216499	2.053000E-05	2.696287E-06
9040.325481	2.030000E-05	2.620588E-06
9114.030652	2.006000E-05	2.546902E-06
9188.336667	1.982000E-05	2.475142E-06
9263.248246	1.957000E-05	2.405265E-06
9338.770178	1.932000E-05	2.337276E-06
9414.908756	1.907000E-05	2.271086E-06
9491.667536	1.882000E-05	2.206716E-06
9569.052274	1.856000E-05	2.144035E-06
9647.067355	1.831000E-05	2.083083E-06
9725.718729	1.806000E-05	2.023698E-06
9805.011707	1.781000E-05	1.966033E-06
9884.950908	1.756000E-05	1.909871E-06
9965.542597	1.731000E-05	1.855298E-06
10046.790750	1.706000E-05	1.802091E-06
10128.701000	1.682000E-05	1.750448E-06
10211.279090	1.657000E-05	1.700107E-06
10294.530860	1.633000E-05	1.651267E-06
10378.461420	1.609000E-05	1.603638E-06
10463.075920	1.586000E-05	1.557460E-06
10548.380510	1.562000E-05	1.512416E-06
10634.380510	1.539000E-05	1.468760E-06
10721.081360	1.516000E-05	1.426162E-06
10808.489490	1.493000E-05	1.384907E-06
10896.609560	1.471000E-05	1.344641E-06
10985.448220	1.449000E-05	1.305660E-06
11075.012260	1.427000E-05	1.267598E-06
11165.305600	1.405000E-05	1.230770E-06
11256.335210	1.384000E-05	1.194797E-06
11348.107170	1.363000E-05	1.160013E-06
11440.626630	1.342000E-05	1.126026E-06
11533.900910	1.322000E-05	1.093183E-06
11627.936420	1.301000E-05	1.061079E-06
11722.737500	1.281000E-05	1.030073E-06
11818.311810	1.262000E-05	9.997532E-07
11914.664940	1.242000E-05	9.704841E-07
12011.804860	1.223000E-05	9.418518E-07
12109.735020	1.204000E-05	9.142355E-07
12208.464800	1.185000E-05	8.872100E-07
12307.998990	1.167000E-05	8.611429E-07
12408.345460	1.149000E-05	8.356221E-07
12509.509520	1.131000E-05	8.110361E-07
12611.498290	1.113000E-05	7.869561E-07
12714.318640	1.096000E-05	7.637630E-07
12817.977310	1.079000E-05	7.410381E-07
12922.480990	1.062000E-05	7.191692E-07
13027.836760	1.045000E-05	6.977436E-07
13134.051420	1.029000E-05	6.771047E-07
13241.132130	1.012000E-05	6.568938E-07
13349.085790	9.960000E-06	6.374298E-07
13457.919500	9.810000E-06	6.183773E-07
13567.640660	9.650000E-06	6.000199E-07
13678.256340	9.500000E-06	5.820595E-07
13789.773880	9.350000E-06	5.647510E-07
13902.200590	9.200000E-06	5.478237E-07
14015.543870	9.060000E-06	5.315020E-07
14129.811110	8.910000E-06	5.155482E-07
14245.010150	8.770000E-06	5.001648E-07
14361.148290	8.630000E-06	4.851343E-07
14478.233450	8.490000E-06	4.706301E-07
14596.273010	8.360000E-06	4.564667E-07
14715.274980	8.230000E-06	4.428007E-07
14835.247330	8.090000E-06	4.294605E-07
14956.197630	7.970000E-06	4.165792E-07
15078.134120	7.840000E-06	4.040125E-07
15201.064610	7.710000E-06	3.918768E-07
15324.997420	7.590000E-06	3.800426E-07
15449.940640	7.470000E-06	3.686071E-07
15575.902470	7.350000E-06	3.574619E-07
15702.891270	7.230000E-06	3.466906E-07
15830.915510	7.120000E-06	3.361974E-07
15959.983410	7.000000E-06	3.260506E-07
16090.103540	6.890000E-06	3.161719E-07
16221.284590	6.780000E-06	3.066165E-07
16353.535200	6.670000E-06	2.973177E-07
16486.864150	6.560000E-06	2.883186E-07
16621.279900	6.460000E-06	2.795653E-07
16756.791530	6.350000E-06	2.710907E-07
16893.408000	6.250000E-06	2.628524E-07
17031.138480	6.150000E-06	2.548737E-07
17169.991530	6.050000E-06	2.471211E-07
17309.976830	5.960000E-06	2.396094E-07
17451.103480	5.860000E-06	2.323150E-07
17593.380510	5.770000E-06	2.252448E-07
17736.817810	5.670000E-06	2.183814E-07
17881.424210	5.580000E-06	2.117245E-07
18027.209920	5.490000E-06	2.052673E-07
18174.183790	5.400000E-06	1.990030E-07
18322.356400	5.320000E-06	1.929297E-07
18471.736600	5.230000E-06	1.870348E-07
18622.335040	5.150000E-06	1.813215E-07
18774.161150	5.060000E-06	1.757726E-07
18927.225090	4.980000E-06	1.703990E-07
19081.536890	4.900000E-06	1.651787E-07
19237.106740	4.820000E-06	1.601251E-07
19393.945010	4.740000E-06	1.552133E-07
19552.061910	4.670000E-06	1.504615E-07
19711.468180	4.590000E-06	1.458410E-07
19872.173740	4.520000E-06	1.413727E-07
20034.189660	4.450000E-06	1.370255E-07
20197.526530	4.370000E-06	1.328245E-07
20362.194800	4.300000E-06	1.287355E-07
20528.206070	4.230000E-06	1.247858E-07
20695.570480	4.160000E-06	1.209394E-07
20864.299310	4.100000E-06	1.172266E-07
21034.404060	4.030000E-06	1.136093E-07
21205.895360	3.970000E-06	1.101194E-07
21378.785060	3.900000E-06	1.067175E-07
21553.084160	3.840000E-06	1.034376E-07
21728.804540	3.780000E-06	1.002388E-07
21905.957150	3.720000E-06	9.715581E-08
22084.554270	3.660000E-06	9.414757E-08
22264.607620	3.600000E-06	9.125028E-08
22446.128700	3.540000E-06	8.842184E-08
22629.130010	3.480000E-06	8.569928E-08
22813.623000	3.420000E-06	8.304009E-08
22999.620190	3.370000E-06	8.048181E-08
23187.134260	3.310000E-06	7.798183E-08
23376.176400	3.260000E-06	7.557824E-08
23566.760150	3.210000E-06	7.322826E-08
23758.897970	3.160000E-06	7.096990E-08
23952.601590	3.110000E-06	6.876075E-08
24147.884780	3.060000E-06	6.663906E-08
24344.760130	3.010000E-06	6.456252E-08
24543.240940	2.960000E-06	6.256962E-08
24743.339740	2.910000E-06	6.061810E-08
24945.069740	2.860000E-06	5.874602E-08
25148.444380	2.820000E-06	5.691231E-08
25353.477330	2.770000E-06	5.515340E-08
25560.181430	2.730000E-06	5.343089E-08
25768.571330	2.680000E-06	5.177800E-08
25978.659780	2.640000E-06	5.016019E-08
26190.461350	2.590000E-06	4.860682E-08
26403.989780	2.550000E-06	4.708726E-08
26619.258990	2.510000E-06	4.562791E-08
26836.283170	2.470000E-06	4.420100E-08
27055.076720	2.430000E-06	4.282981E-08
27275.654280	2.390000E-06	4.148986E-08
27498.030140	2.350000E-06	4.020152E-08
27722.218810	2.310000E-06	3.894320E-08
27948.235040	2.280000E-06	3.773284E-08
28176.094450	2.240000E-06	3.655130E-08
28405.811690	2.200000E-06	3.541432E-08
28637.401570	2.170000E-06	3.430500E-08
28870.879200	2.130000E-06	3.323689E-08
29106.260550	2.100000E-06	3.219530E-08
29343.561250	2.060000E-06	3.119196E-08
29582.796430	2.030000E-06	3.021409E-08
29823.982220	2.000000E-06	2.927168E-08
30067.134250	1.970000E-06	2.840097E-08
30312.268440	1.930000E-06	2.768495E-08
30559.401700	1.900000E-06	2.688082E-08
30808.549740	1.870000E-06	2.603752E-08
31059.728470	1.840000E-06	2.522572E-08
31312.955670	1.810000E-06	2.443576E-08
31568.247010	1.780000E-06	2.367170E-08
31825.620040	1.750000E-06	2.293156E-08
32085.090970	1.720000E-06	2.221536E-08
32346.677910	1.700000E-06	2.151902E-08
32610.397620	1.670000E-06	2.084564E-08
32876.266260	1.640000E-06	2.019536E-08
33144.303690	1.620000E-06	1.956266E-08
33414.525760	1.590000E-06	1.894708E-08
33686.951220	1.560000E-06	1.835364E-08
33961.598250	1.540000E-06	1.777709E-08
34238.483440	1.510000E-06	1.721964E-08
34517.626470	1.490000E-06	1.667797E-08
34799.045480	1.460000E-06	1.615537E-08
35082.758860	1.440000E-06	1.564809E-08
35368.785340	1.420000E-06	1.515546E-08
35657.142910	1.390000E-06	1.467845E-08
35947.852940	1.370000E-06	1.421686E-08
36240.931980	1.350000E-06	1.377066E-08
36536.401050	1.330000E-06	1.333638E-08
36834.278280	1.310000E-06	1.291793E-08
37134.584290	1.290000E-06	1.251140E-08
37437.338960	1.260000E-06	1.211729E-08
37742.562480	1.240000E-06	1.173694E-08
38050.274240	1.220000E-06	1.136662E-08
38360.493900	1.200000E-06	1.100837E-08
38673.243840	1.180000E-06	1.066094E-08
38988.543220	1.170000E-06	1.032337E-08
39306.412700	1.150000E-06	9.998469E-09
39626.874530	1.130000E-06	9.682605E-09
39949.947530	1.110000E-06	9.376524E-09
40275.655970	1.090000E-06	9.081480E-09
40604.019340	1.070000E-06	8.793218E-09
40935.060050	1.060000E-06	8.513808E-09
41268.799560	1.040000E-06	8.244411E-09
41605.259650	1.020000E-06	7.982570E-09
41944.463880	1.010000E-06	7.730638E-09
42286.433390	9.900000E-07	7.483773E-09
42631.191060	9.700000E-07	7.247863E-09
42978.758690	9.600000E-07	7.016937E-09
43329.159900	9.400000E-07	6.795654E-09
43682.418740	9.300000E-07	6.579122E-09
44038.556580	9.100000E-07	6.370472E-09
44397.599810	9.000000E-07	6.167751E-09
44759.568950	8.800000E-07	5.972440E-09
45124.489620	8.700000E-07	5.782358E-09
45492.384610	8.500000E-07	5.598287E-09
45863.278750	8.400000E-07	5.419885E-09
46237.198990	8.300000E-07	5.247189E-09
46614.165890	8.100000E-07	5.079985E-09
46994.207220	8.000000E-07	4.917968E-09
47377.345960	7.900000E-07	4.761661E-09
47763.609050	7.800000E-07	4.610135E-09
48153.020180	7.600000E-07	4.463283E-09
48545.607200	7.500000E-07	4.320989E-09
48941.394630	7.400000E-07	4.183436E-09
49340.409310	7.300000E-07	4.050372E-09
49742.676540	7.100000E-07	3.921453E-09
50148.224040	7.000000E-07	3.796377E-09
50557.077990	6.900000E-07	3.674912E-09
50969.264970	6.800000E-07	3.557417E-09
51384.811980	6.700000E-07	3.443846E-09
51803.748610	6.600000E-07	3.333841E-09
52226.098480	6.500000E-07	3.227293E-09
52651.894320	6.400000E-07	3.124109E-09
53081.158300	6.300000E-07	3.024194E-09
53513.924200	6.200000E-07	2.927472E-09
53950.219590	6.100000E-07	2.833936E-09
54390.070070	6.000000E-07	2.743430E-09
54833.506360	5.900000E-07	2.655783E-09
55280.559760	5.800000E-07	2.571130E-09
55731.254700	5.700000E-07	2.488737E-09
56185.628470	5.600000E-07	2.408786E-09
56643.703840	5.500000E-07	2.331574E-09
57105.514110	5.400000E-07	2.256913E-09
57571.090640	5.300000E-07	2.184363E-09
58040.459880	5.200000E-07	2.114350E-09
58513.659600	5.200000E-07	2.046459E-09
58990.714460	5.100000E-07	1.981187E-09
59471.660640	5.000000E-07	1.917234E-09
59956.529340	4.900000E-07	1.855583E-09
60445.346370	4.800000E-07	1.795845E-09
60938.152640	4.800000E-07	1.737644E-09
61434.974930	4.700000E-07	1.681392E-09
61935.849490	4.600000E-07	1.627180E-09
62440.807020	4.500000E-07	1.574466E-09
62949.878630	4.500000E-07	1.523515E-09
63463.105610	4.400000E-07	1.474509E-09
63980.513760	4.300000E-07	1.426591E-09
64502.139010	4.200000E-07	1.380715E-09
65028.017960	4.200000E-07	1.335853E-09
65558.187940	4.100000E-07	1.292778E-09
66092.676450	4.000000E-07	1.250889E-09
66631.521830	4.000000E-07	1.210409E-09
67174.763180	3.900000E-07	1.171177E-09
67722.433070	3.800000E-07	1.133283E-09
68274.568170	3.800000E-07	1.096682E-09
68831.202000	3.700000E-07	1.061149E-09
69392.376220	3.700000E-07	1.026867E-09
69958.125560	3.600000E-07	9.935067E-10
70528.489230	3.500000E-07	9.614221E-10
71103.499010	3.500000E-07	9.301528E-10
71683.199340	3.400000E-07	9.000594E-10
72267.627340	3.400000E-07	8.708323E-10
72856.816380	3.300000E-07	8.425403E-10
73450.813160	3.300000E-07	8.152166E-10
74049.647910	3.200000E-07	7.888051E-10
74653.368840	3.200000E-07	7.632506E-10
75262.011720	3.100000E-07	7.384729E-10
75875.617350	3.100000E-07	7.145159E-10
76494.222520	3.000000E-07	6.914416E-10
77117.874030	3.000000E-07	6.689136E-10
77746.605140	2.900000E-07	6.472537E-10
78380.469090	2.900000E-07	6.262677E-10
79019.495410	2.800000E-07	6.059631E-10
79663.733970	2.800000E-07	5.863149E-10
80313.225470	2.700000E-07	5.672958E-10
80968.011170	2.700000E-07	5.488545E-10
81628.132960	2.600000E-07	5.310274E-10
82293.638810	2.600000E-07	5.137613E-10
82964.572160	2.600000E-07	4.970795E-10
83640.977140	2.500000E-07	4.809803E-10
84322.892880	2.500000E-07	4.653560E-10
85010.370540	2.400000E-07	4.502022E-10
85703.450580	2.400000E-07	4.356822E-10
86402.179920	2.400000E-07	4.214555E-10
87106.612440	2.300000E-07	4.078352E-10
87816.784640	2.300000E-07	3.945403E-10
88532.745760	2.200000E-07	3.817270E-10
89254.539580	2.200000E-07	3.693200E-10
89982.223470	2.200000E-07	3.573008E-10
90715.842980	2.100000E-07	3.457584E-10
91455.437530	2.100000E-07	3.344548E-10
92201.067340	2.100000E-07	3.236415E-10
92952.773270	2.000000E-07	3.130637E-10
93710.610630	2.000000E-07	3.029011E-10
94474.621510	2.000000E-07	2.930586E-10
95244.862960	1.900000E-07	2.835365E-10
96021.385860	1.900000E-07	2.743373E-10
96804.241960	1.900000E-07	2.654063E-10
97593.476180	1.800000E-07	2.567853E-10
98389.149480	1.800000E-07	2.484199E-10
99191.300480	1.800000E-07	2.403304E-10
100000.000000	1.800000E-07	2.325131E-10
