0.000100000000000	-8.540000000000000	45.800000000000000
0.000110000000000	-7.120000000000000	41.800000000000000
0.000120000000000	-6.110000000000000	38.300000000000000
0.000130000000000	-5.440000000000000	35.300000000000000
0.000140000000000	-4.830000000000000	32.800000000000000
0.000150000000000	-4.450000000000000	30.600000000000000
0.000160000000000	-4.000000000000000	28.600000000000000
0.000170000000000	-3.680000000000000	26.800000000000000
0.000180000000000	-3.450000000000000	25.200000000000000
0.000190000000000	-3.300000000000000	23.800000000000000
0.000200000000000	-3.120000000000000	22.500000000000000
0.000220000000000	-3.110000000000000	20.200000000000000
0.000240000000000	-3.160000000000000	18.400000000000000
0.000260000000000	-3.290000000000000	17.100000000000000
0.000280000000000	-3.300000000000000	16.000000000000000
0.000300000000000	-3.190000000000000	15.000000000000000
0.000320000000000	-3.120000000000000	14.200000000000000
0.000340000000000	-3.070000000000000	13.400000000000000
0.000360000000000	-3.000000000000000	12.700000000000000
0.000380000000000	-2.920000000000000	12.100000000000000
0.000400000000000	-2.840000000000000	11.400000000000000
0.000450000000000	-3.200000000000000	10.200000000000000
0.000500000000000	-3.030000000000000	9.640000000000000
0.000550000000000	-2.900000000000000	8.920000000000000
0.000600001000000	-2.840000000000000	8.350000000000000
0.000650002000000	-2.690000000000000	7.920000000000000
0.000700001000000	-2.590000000000000	7.480000000000000
0.000749998000000	-2.490000000000000	7.130000000000000
0.000800000000000	-2.380000000000000	6.820000000000000
0.000849999000000	-2.270000000000000	6.510000000000000
0.000899997000000	-2.180000000000000	6.230000000000000
0.000950002000000	-2.110000000000000	5.980000000000000
0.001000000000000	-2.060000000000000	5.740000000000000
0.001050002000000	-2.010000000000000	5.550000000000000
0.001100001000000	-1.970000000000000	5.380000000000000
0.001149997000000	-1.910000000000000	5.240000000000000
0.001199996000000	-1.850000000000000	5.100000000000000
0.001250000000000	-1.800000000000000	4.970000000000000
0.001300000000000	-1.740000000000000	4.850000000000000
0.001350001000000	-1.690000000000000	4.730000000000000
0.001400001000000	-1.650000000000000	4.630000000000000
0.001450001000000	-1.590000000000000	4.550000000000000
0.001500001000000	-1.530000000000000	4.470000000000000
0.001550000000000	-1.480000000000000	4.380000000000000
0.001600000000000	-1.430000000000000	4.310000000000000
0.001650000000000	-1.360000000000000	4.250000000000000
0.001700000000000	-1.280000000000000	4.180000000000000
0.001750000000000	-1.210000000000000	4.090000000000000
0.001799999000000	-1.140000000000000	4.000000000000000
0.001850000000000	-1.080000000000000	3.910000000000000
0.001900001000000	-1.020000000000000	3.820000000000000
0.001950000000000	-0.980000000000000	3.740000000000000
0.002000000000000	-0.930000000000000	3.650000000000000
0.002100000000000	-0.850000000000000	3.480000000000000
0.002200002000000	-0.800000000000000	3.330000000000000
0.002299998000000	-0.750000000000000	3.190000000000000
0.002400002000000	-0.710000000000000	3.060000000000000
0.002500000000000	-0.670000000000000	2.930000000000000
0.002600001000000	-0.660000000000000	2.810000000000000
0.002700001000000	-0.640000000000000	2.710000000000000
0.002799998000000	-0.620000000000000	2.610000000000000
0.002900002000000	-0.620000000000000	2.520000000000000
0.002999998000000	-0.610000000000000	2.440000000000000
0.003100004000000	-0.610000000000000	2.360000000000000
0.003199996000000	-0.610000000000000	2.300000000000000
0.003300000000000	-0.610000000000000	2.230000000000000
0.003400001000000	-0.620000000000000	2.170000000000000
0.003499996000000	-0.630000000000000	2.110000000000000
0.003599999000000	-0.640000000000000	2.070000000000000
0.003700001000000	-0.660000000000000	2.020000000000000
0.003800002000000	-0.690000000000000	1.990000000000000
0.003900005000000	-0.720000000000000	1.980000000000000
0.004000000000000	-0.730000000000000	1.980000000000000
0.004100003000000	-0.740000000000000	1.990000000000000
0.004200007000000	-0.740000000000000	2.010000000000000
0.004299994000000	-0.730000000000000	2.030000000000000
0.004399996000000	-0.710000000000000	2.060000000000000
0.004500002000000	-0.670000000000000	2.070000000000000
0.004599996000000	-0.630000000000000	2.090000000000000
0.004700004000000	-0.590000000000000	2.100000000000000
0.004799994000000	-0.530000000000000	2.110000000000000
0.004900008000000	-0.470000000000000	2.110000000000000
0.005000000000000	-0.400000000000000	2.100000000000000
0.005100001000000	-0.330000000000000	2.070000000000000
0.005200002000000	-0.270000000000000	2.040000000000000
0.005299989000000	-0.210000000000000	1.990000000000000
0.005399990000000	-0.160000000000000	1.940000000000000
0.005500004000000	-0.120000000000000	1.880000000000000
0.005599996000000	-0.090000000000000	1.830000000000000
0.005699994000000	-0.060000000000000	1.780000000000000
0.005799990000000	-0.040000000000000	1.730000000000000
0.005899989000000	-0.020000000000000	1.670000000000000
0.006199992000000	0.000000000000000	1.540000000000000
0.006399992000000	-0.010000000000000	1.460000000000000
0.006600017000000	-0.010000000000000	1.400000000000000
0.006799982000000	-0.020000000000000	1.350000000000000
0.007000011000000	-0.030000000000000	1.300000000000000
0.007200019000000	-0.030000000000000	1.270000000000000
0.007399980000000	-0.030000000000000	1.240000000000000
0.007599980000000	-0.020000000000000	1.210000000000000
0.007799986000000	-0.020000000000000	1.180000000000000
0.008000000000000	-0.010000000000000	1.150000000000000
0.008200007000000	0.000000000000000	1.130000000000000
0.008400014000000	0.008000000000000	1.110000000000000
0.008599988000000	0.019000000000000	1.080000000000000
0.008800023000000	0.028000000000000	1.050000000000000
0.008999971000000	0.034000000000000	1.010000000000000
0.009199991000000	0.041000000000000	0.987000000000000
0.009399973000000	0.046000000000000	0.957000000000000
0.009599988000000	0.051000000000000	0.927000000000000
0.009800016000000	0.052000000000000	0.895000000000000
0.010000000000000	0.054000000000000	0.867000000000000
0.010200002000000	0.052000000000000	0.833000000000000
0.010399960000000	0.049000000000000	0.800000000000000
0.010600024000000	0.026000000000000	0.759000000000000
0.010800028000000	0.007000000000000	0.747000000000000
0.011000009000000	-0.010000000000000	0.727000000000000
0.011250045000000	-0.040000000000000	0.717000000000000
0.011499968000000	-0.050000000000000	0.715000000000000
0.011749988000000	-0.070000000000000	0.714000000000000
0.011999961000000	-0.070000000000000	0.715000000000000
0.012250020000000	-0.070000000000000	0.712000000000000
0.012500000000000	-0.080000000000000	0.709000000000000
0.012750002000000	-0.080000000000000	0.709000000000000
0.013000004000000	-0.080000000000000	0.706000000000000
0.013250002000000	-0.080000000000000	0.706000000000000
0.013500005000000	-0.070000000000000	0.705000000000000
0.013749996000000	-0.070000000000000	0.704000000000000
0.014000007000000	-0.070000000000000	0.707000000000000
0.014250001000000	-0.050000000000000	0.705000000000000
0.014500008000000	-0.050000000000000	0.703000000000000
0.014750007000000	-0.040000000000000	0.704000000000000
0.015000006000000	-0.030000000000000	0.700000000000000
0.015249993000000	-0.020000000000000	0.694000000000000
0.015499999000000	-0.010000000000000	0.687000000000000
0.015749992000000	0.000000000000000	0.680000000000000
0.016000000000000	0.007000000000000	0.674000000000000
0.016499999000000	0.025000000000000	0.660000000000000
0.017000003000000	0.041000000000000	0.643000000000000
0.017500004000000	0.059000000000000	0.628000000000000
0.017999994000000	0.076000000000000	0.606000000000000
0.018500004000000	0.088000000000000	0.582000000000000
0.019000009000000	0.096000000000000	0.560000000000000
0.019499996000000	0.104000000000000	0.537000000000000
0.020000000000000	0.106000000000000	0.513000000000000
0.020499983000000	0.107000000000000	0.493000000000000
0.020999998000000	0.102000000000000	0.471000000000000
0.021500006000000	0.094000000000000	0.458000000000000
0.022000018000000	0.091000000000000	0.451000000000000
0.022500009000000	0.089000000000000	0.443000000000000
0.023000020000000	0.085000000000000	0.436000000000000
0.023500021000000	0.089000000000000	0.438000000000000
0.024000015000000	0.095000000000000	0.431000000000000
0.024499991000000	0.103000000000000	0.427000000000000
0.025000000000000	0.112000000000000	0.418000000000000
0.026000008000000	0.123000000000000	0.394000000000000
0.027000011000000	0.127000000000000	0.372000000000000
0.027999982000000	0.132000000000000	0.354000000000000
0.029000016000000	0.137000000000000	0.336000000000000
0.029999976000000	0.140000000000000	0.318000000000000
0.030000000000000	0.289226800000000	0.255802400000000
0.030244587000000	0.285854000000000	0.250487100000000
0.030491169000000	0.282362000000000	0.245405800000000
0.030739760000000	0.278909600000000	0.240421200000000
0.030990378000000	0.275424300000000	0.235571600000000
0.031243040000000	0.271984800000000	0.230809200000000
0.031497761000000	0.268474800000000	0.226154700000000
0.031754560000000	0.265010900000000	0.221583400000000
0.032013451000000	0.261480500000000	0.217114500000000
0.032274454000000	0.257995000000000	0.212725900000000
0.032537584000000	0.254449700000000	0.208435200000000
0.032802860000000	0.250947700000000	0.204222300000000
0.033070298000000	0.247391200000000	0.200103100000000
0.033339917000000	0.243875800000000	0.196059000000000
0.033611735000000	0.240304500000000	0.192104000000000
0.033885768000000	0.236770100000000	0.188221600000000
0.034162035000000	0.233165600000000	0.184424700000000
0.034440555000000	0.229599800000000	0.180707500000000
0.034721345000000	0.225988700000000	0.177126600000000
0.035004425000000	0.222423100000000	0.173625300000000
0.035289814000000	0.218856700000000	0.170264500000000
0.035577528000000	0.215337800000000	0.166964700000000
0.035867588000000	0.211834900000000	0.163732300000000
0.036160013000000	0.208370400000000	0.160559000000000
0.036454821000000	0.204897600000000	0.157450500000000
0.036752034000000	0.201456900000000	0.154399200000000
0.037051670000000	0.197996600000000	0.151409900000000
0.037353749000000	0.194558300000000	0.148475800000000
0.037658290000000	0.191081200000000	0.145600900000000
0.037965315000000	0.187599100000000	0.142779400000000
0.038274843000000	0.184023300000000	0.140015000000000
0.038586893000000	0.180479400000000	0.137435300000000
0.038901488000000	0.176932600000000	0.135192500000000
0.039218649000000	0.173482800000000	0.132993700000000
0.039538394000000	0.170160100000000	0.130845500000000
0.039860747000000	0.166910700000000	0.128731900000000
0.040185728000000	0.163744500000000	0.126652500000000
0.040513358000000	0.160618200000000	0.124606700000000
0.040843660000000	0.157522800000000	0.122593900000000
0.041176655000000	0.154443400000000	0.120613700000000
0.041512364000000	0.151364100000000	0.118665400000000
0.041850810000000	0.148270500000000	0.116748500000000
0.042192015000000	0.145144000000000	0.114862500000000
0.042536004000000	0.142037600000000	0.113138900000000
0.042882795000000	0.138945500000000	0.111595300000000
0.043232413000000	0.135959000000000	0.110142900000000
0.043584884000000	0.133078800000000	0.108783300000000
0.043940227000000	0.130285000000000	0.107440400000000
0.044298468000000	0.127574600000000	0.106114200000000
0.044659628000000	0.124918300000000	0.104804400000000
0.045023734000000	0.122314600000000	0.103511000000000
0.045390808000000	0.119749500000000	0.102233300000000
0.045760876000000	0.117224200000000	0.100971400000000
0.046133959000000	0.114728200000000	0.099724940000000
0.046510085000000	0.112265700000000	0.098494140000000
0.046889278000000	0.109763900000000	0.097278250000000
0.047271560000000	0.107253500000000	0.096077730000000
0.047656962000000	0.104722900000000	0.094947820000000
0.048045504000000	0.102200400000000	0.093864510000000
0.048437214000000	0.099757990000000	0.092966240000000
0.048832118000000	0.097378670000000	0.092167900000000
0.049230242000000	0.095104800000000	0.091376280000000
0.049631612000000	0.092902160000000	0.090591550000000
0.050036254000000	0.090758330000000	0.089813540000000
0.050444194000000	0.088661860000000	0.089042380000000
0.050855461000000	0.086601040000000	0.088277600000000
0.051270080000000	0.084577280000000	0.087519520000000
0.051688080000000	0.082575930000000	0.086767890000000
0.052109489000000	0.080606880000000	0.086022930000000
0.052534332000000	0.078656130000000	0.085312140000000
0.052962640000000	0.076736650000000	0.084615370000000
0.053394438000000	0.074844790000000	0.083933850000000
0.053829759000000	0.072986520000000	0.083260200000000
0.054268627000000	0.071143200000000	0.082592100000000
0.054711075000000	0.069330570000000	0.081929340000000
0.055157127000000	0.067519890000000	0.081271880000000
0.055606818000000	0.065738020000000	0.080619640000000
0.056060176000000	0.063951130000000	0.079972700000000
0.056517228000000	0.062192990000000	0.079330930000000
0.056978009000000	0.060466160000000	0.078684200000000
0.057442544000000	0.058772670000000	0.078041580000000
0.057910868000000	0.056962020000000	0.077233400000000
0.058383010000000	0.055173820000000	0.076419020000000
0.058859001000000	0.053183610000000	0.075612390000000
0.059338873000000	0.051219250000000	0.074815200000000
0.059822655000000	0.048965890000000	0.074025450000000
0.060310386000000	0.046748110000000	0.073244970000000
0.060802088000000	0.043853500000000	0.072709500000000
0.061297804000000	0.041013120000000	0.072188920000000
0.061797559000000	0.038177220000000	0.072398650000000
0.062301389000000	0.035399230000000	0.072594940000000
0.062809326000000	0.032539260000000	0.072805290000000
0.063321402000000	0.029700970000000	0.073002840000000
0.063837656000000	0.026256430000000	0.073214010000000
0.064358118000000	0.022805180000000	0.073636370000000
0.064882823000000	0.018499230000000	0.076487810000000
0.065411806000000	0.014487810000000	0.079471300000000
0.065945104000000	0.012154620000000	0.084100540000000
0.066482748000000	0.010133570000000	0.088709990000000
0.067024774000000	0.009840020000000	0.093867290000000
0.067571221000000	0.010017660000000	0.099023530000000
0.068122122000000	0.012684690000000	0.104767500000000
0.068677518000000	0.015562460000000	0.109443000000000
0.069237435000000	0.019618060000000	0.109851400000000
0.069801924000000	0.023368210000000	0.110186800000000
0.070371012000000	0.026230780000000	0.110310900000000
0.070944741000000	0.028934600000000	0.110395100000000
0.071523145000000	0.031279430000000	0.110387000000000
0.072106268000000	0.033538510000000	0.110106900000000
0.072694144000000	0.035664790000000	0.109061300000000
0.073286810000000	0.037553460000000	0.108026100000000
0.073884310000000	0.038919840000000	0.107000300000000
0.074486683000000	0.040203480000000	0.105984600000000
0.075093964000000	0.041347520000000	0.104978200000000
0.075706199000000	0.042465620000000	0.103981700000000
0.076323425000000	0.043565710000000	0.102994300000000
0.076945682000000	0.044611900000000	0.101917200000000
0.077573015000000	0.045586820000000	0.100667000000000
0.078205455000000	0.046473090000000	0.099397760000000
0.078843059000000	0.047232960000000	0.098085810000000
0.079485859000000	0.047920430000000	0.096791510000000
0.080133902000000	0.048512620000000	0.095514000000000
0.080787224000000	0.049065210000000	0.094253630000000
0.081445877000000	0.049572060000000	0.093009740000000
0.082109892000000	0.050081220000000	0.091782380000000
0.082779329000000	0.050597590000000	0.090571010000000
0.083454221000000	0.051107270000000	0.089234030000000
0.084134613000000	0.051611910000000	0.087756740000000
0.084820555000000	0.051980790000000	0.086268880000000
0.085512088000000	0.052214580000000	0.084770150000000
0.086209264000000	0.052372680000000	0.083297460000000
0.086912120000000	0.052461500000000	0.081850310000000
0.087620703000000	0.052492500000000	0.080428380000000
0.088335068000000	0.052474760000000	0.079031080000000
0.089055254000000	0.052409520000000	0.077658150000000
0.089781311000000	0.052307580000000	0.076308940000000
0.090513290000000	0.052147780000000	0.074983310000000
0.091251238000000	0.051947930000000	0.073680540000000
0.091995201000000	0.051683990000000	0.072427860000000
0.092745226000000	0.051380660000000	0.071213680000000
0.093501368000000	0.051084290000000	0.070079390000000
0.094263677000000	0.050791990000000	0.068997240000000
0.095032203000000	0.050515270000000	0.067931700000000
0.095806988000000	0.050246360000000	0.066882730000000
0.096588091000000	0.049971180000000	0.065849850000000
0.097375564000000	0.049693260000000	0.064833040000000
0.098169462000000	0.049408460000000	0.063831810000000
0.098969829000000	0.049121170000000	0.062846180000000
0.099776722000000	0.048827010000000	0.061875640000000
0.100590186000000	0.048530860000000	0.060920230000000
0.101410289000000	0.048228420000000	0.059979390000000
0.102237077000000	0.047924690000000	0.059053210000000
0.103070611000000	0.047615730000000	0.058141200000000
0.103910933000000	0.047306230000000	0.057243440000000
0.104758112000000	0.046994090000000	0.056359400000000
0.105612192000000	0.046682400000000	0.055489190000000
0.106473234000000	0.046375010000000	0.054632230000000
0.107341304000000	0.046069560000000	0.053788680000000
0.108216446000000	0.045757640000000	0.052930370000000
0.109098726000000	0.045445920000000	0.052080990000000
0.109988193000000	0.045120540000000	0.051238750000000
0.110884923000000	0.044794980000000	0.050409180000000
0.111788956000000	0.044450360000000	0.049593090000000
0.112700362000000	0.044105920000000	0.048790200000000
0.113619191000000	0.043753330000000	0.048000300000000
0.114545516000000	0.043402650000000	0.047223160000000
0.115479400000000	0.043044730000000	0.046458660000000
0.116420885000000	0.042689260000000	0.045706500000000
0.117370059000000	0.042329770000000	0.044966550000000
0.118326965000000	0.041973230000000	0.044238550000000
0.119291670000000	0.041615300000000	0.043522370000000
0.120264244000000	0.041260510000000	0.042817280000000
0.121244755000000	0.040907430000000	0.042100730000000
0.122233250000000	0.040556250000000	0.041395660000000
0.123229802000000	0.040180860000000	0.040695970000000
0.124234483000000	0.039807950000000	0.040007870000000
0.125247354000000	0.039421120000000	0.039331640000000
0.126268484000000	0.039036850000000	0.038666620000000
0.127297939000000	0.038640920000000	0.038013000000000
0.128335787000000	0.038247300000000	0.037370240000000
0.129382096000000	0.037841720000000	0.036738590000000
0.130436936000000	0.037436630000000	0.036117430000000
0.131500375000000	0.037010030000000	0.035506930000000
0.132572486000000	0.036577330000000	0.034906580000000
0.133653335000000	0.036091820000000	0.034316520000000
0.134742999000000	0.035615000000000	0.033760930000000
0.135841545000000	0.035152350000000	0.033320190000000
0.136949047000000	0.034708160000000	0.032887710000000
0.138065580000000	0.034313950000000	0.032468680000000
0.139191216000000	0.033930650000000	0.032055250000000
0.140326029000000	0.033571000000000	0.031646790000000
0.141470093000000	0.033219960000000	0.031243780000000
0.142623485000000	0.032885300000000	0.030845690000000
0.143786280000000	0.032558380000000	0.030452880000000
0.144958556000000	0.032245030000000	0.030064860000000
0.146140390000000	0.031938980000000	0.029682010000000
0.147331858000000	0.031644970000000	0.029303930000000
0.148533040000000	0.031358470000000	0.028930810000000
0.149744015000000	0.031083850000000	0.028562230000000
0.150964864000000	0.030817510000000	0.028198460000000
0.152195666000000	0.030563850000000	0.027839160000000
0.153436502000000	0.030319790000000	0.027484590000000
0.154687455000000	0.030089680000000	0.027134510000000
0.155948607000000	0.029889800000000	0.026783660000000
0.157220041000000	0.029732680000000	0.026429470000000
0.158501840000000	0.029573960000000	0.026030870000000
0.159794090000000	0.029413210000000	0.025572890000000
0.161096877000000	0.029219560000000	0.025122930000000
0.162410285000000	0.028987280000000	0.024680940000000
0.163734400000000	0.028749210000000	0.024246710000000
0.165069310000000	0.028504820000000	0.023820140000000
0.166415104000000	0.028256760000000	0.023401070000000
0.167771871000000	0.028005230000000	0.022989370000000
0.169139699000000	0.027751370000000	0.022584920000000
0.170518677000000	0.027495750000000	0.022187580000000
0.171908901000000	0.027238670000000	0.021797270000000
0.173310458000000	0.026980930000000	0.021413800000000
0.174723440000000	0.026722770000000	0.021037110000000
0.176147943000000	0.026465030000000	0.020667000000000
0.177584062000000	0.026207170000000	0.020303400000000
0.179031886000000	0.025950170000000	0.019946110000000
0.180491517000000	0.025693700000000	0.019595240000000
0.181963047000000	0.025438680000000	0.019250520000000
0.183446573000000	0.025184660000000	0.018911860000000
0.184942194000000	0.024932470000000	0.018579060000000
0.186450011000000	0.024681620000000	0.018252270000000
0.187970119000000	0.024432870000000	0.017931170000000
0.189502622000000	0.024186130000000	0.017615760000000
0.191047618000000	0.023941840000000	0.017305760000000
0.192605212000000	0.023700010000000	0.017001350000000
0.194175502000000	0.023460800000000	0.016702180000000
0.195758597000000	0.023224860000000	0.016408400000000
0.197354598000000	0.022991780000000	0.016119680000000
0.198963611000000	0.022767730000000	0.015836150000000
0.200585743000000	0.022548070000000	0.015557480000000
0.202221098000000	0.022340100000000	0.015283830000000
0.203869787000000	0.022136700000000	0.015014870000000
0.205531919000000	0.021934210000000	0.014716410000000
0.207207599000000	0.021733480000000	0.014415400000000
0.208896944000000	0.021517060000000	0.014114680000000
0.210600059000000	0.021299610000000	0.013818360000000
0.212317061000000	0.021073130000000	0.013528900000000
0.214048062000000	0.020847510000000	0.013244900000000
0.215793175000000	0.020617090000000	0.012967460000000
0.217552515000000	0.020388550000000	0.012695200000000
0.219326201000000	0.020156940000000	0.012429290000000
0.221114348000000	0.019927690000000	0.012168310000000
0.222917069000000	0.019696300000000	0.011913480000000
0.224734491000000	0.019467540000000	0.011663330000000
0.226566731000000	0.019237490000000	0.011419080000000
0.228413905000000	0.019010270000000	0.011179280000000
0.230276142000000	0.018782190000000	0.010945170000000
0.232153565000000	0.018557050000000	0.010715310000000
0.234046290000000	0.018331440000000	0.010490940000000
0.235954444000000	0.018108790000000	0.010270640000000
0.237878158000000	0.017886230000000	0.010055560000000
0.239817556000000	0.017666560000000	0.009844410000000
0.241772764000000	0.017447330000000	0.009638252000000
0.243743918000000	0.017230930000000	0.009435889000000
0.245731135000000	0.017015290000000	0.009238262000000
0.247734557000000	0.016802410000000	0.009044301000000
0.249754315000000	0.016590600000000	0.008854855000000
0.251790535000000	0.016381490000000	0.008668956000000
0.253843363000000	0.016173690000000	0.008487377000000
0.255912919000000	0.015968550000000	0.008309219000000
0.257999353000000	0.015764950000000	0.008135147000000
0.260102800000000	0.015563990000000	0.007964382000000
0.262223390000000	0.015364840000000	0.007797532000000
0.264361275000000	0.015168280000000	0.007633872000000
0.266516585000000	0.014973690000000	0.007473929000000
0.268689468000000	0.014781720000000	0.007317067000000
0.270880067000000	0.014592080000000	0.007163749000000
0.273088525000000	0.014404970000000	0.007013407000000
0.275314989000000	0.014220110000000	0.006866444000000
0.277559606000000	0.014039310000000	0.006722356000000
0.279822523000000	0.013865000000000	0.006581484000000
0.282103892000000	0.013693330000000	0.006442173000000
0.284403857000000	0.013524610000000	0.006303043000000
0.286722576000000	0.013357140000000	0.006162192000000
0.289060198000000	0.013189740000000	0.006014814000000
0.291416877000000	0.013021770000000	0.005870708000000
0.293792771000000	0.012850600000000	0.005730284000000
0.296188030000000	0.012680250000000	0.005593012000000
0.298602824000000	0.012509530000000	0.005459215000000
0.301037302000000	0.012340020000000	0.005328453000000
0.303491630000000	0.012170990000000	0.005200961000000
0.305965971000000	0.012003390000000	0.005076399000000
0.308460483000000	0.011836750000000	0.004954933000000
0.310975332000000	0.011671620000000	0.004836281000000
0.313510682000000	0.011507710000000	0.004720544000000
0.316066705000000	0.011345370000000	0.004607516000000
0.318643568000000	0.011184440000000	0.004497237000000
0.321241436000000	0.011025120000000	0.004389566000000
0.323860488000000	0.010867350000000	0.004284486000000
0.326500894000000	0.010711230000000	0.004181926000000
0.329162823000000	0.010556760000000	0.004081814000000
0.331846448000000	0.010403940000000	0.003984119000000
0.334551965000000	0.010252830000000	0.003888726000000
0.337279533000000	0.010103390000000	0.003795659000000
0.340029344000000	0.009955710000000	0.003704763000000
0.342801565000000	0.009809720000000	0.003616111000000
0.345596393000000	0.009665550000000	0.003529509000000
0.348414010000000	0.009523050000000	0.003445062000000
0.351254599000000	0.009382380000000	0.003362545000000
0.354118339000000	0.009243450000000	0.003282102000000
0.357005431000000	0.009106410000000	0.003203476000000
0.359916068000000	0.008971170000000	0.003126848000000
0.362850426000000	0.008837850000000	0.003051934000000
0.365808706000000	0.008706930000000	0.002978938000000
0.368791110000000	0.008578190000000	0.002907556000000
0.371797836000000	0.008450710000000	0.002836097000000
0.374829059000000	0.008324890000000	0.002765387000000
0.377885004000000	0.008199800000000	0.002696026000000
0.380965866000000	0.008076200000000	0.002627986000000
0.384071842000000	0.007953170000000	0.002561858000000
0.387203145000000	0.007831620000000	0.002497192000000
0.390359979000000	0.007711080000000	0.002434367000000
0.393542538000000	0.007592190000000	0.002372915000000
0.396751058000000	0.007474390000000	0.002313225000000
0.399985727000000	0.007358260000000	0.002254820000000
0.403246777000000	0.007243290000000	0.002198107000000
0.406534403000000	0.007129990000000	0.002142599000000
0.409848842000000	0.007017870000000	0.002088716000000
0.413190295000000	0.006907430000000	0.002035962000000
0.416558996000000	0.006798130000000	0.001984771000000
0.419955167000000	0.006690490000000	0.001934637000000
0.423379018000000	0.006584020000000	0.001885999000000
0.426830794000000	0.006479190000000	0.001838352000000
0.430310700000000	0.006375500000000	0.001792140000000
0.433818986000000	0.006273430000000	0.001746855000000
0.437355863000000	0.006172520000000	0.001702951000000
0.440921592000000	0.006073200000000	0.001659915000000
0.444516375000000	0.005975010000000	0.001618204000000
0.448140481000000	0.005878370000000	0.001577304000000
0.451794118000000	0.005782880000000	0.001537674000000
0.455477547000000	0.005688920000000	0.001498808000000
0.459191019000000	0.005596090000000	0.001461151000000
0.462934751000000	0.005504750000000	0.001424226000000
0.466709019000000	0.005414550000000	0.001388437000000
0.470514048000000	0.005325800000000	0.001353353000000
0.474350105000000	0.005238210000000	0.001319341000000
0.478217442000000	0.005152040000000	0.001286009000000
0.482116297000000	0.005067130000000	0.001253682000000
0.486046948000000	0.004983600000000	0.001222012000000
0.490009641000000	0.004901550000000	0.001191290000000
0.494004645000000	0.004820900000000	0.001161093000000
0.498032214000000	0.004741920000000	0.001131084000000
0.502092626000000	0.004664110000000	0.001101361000000
0.506186143000000	0.004586930000000	0.001070661000000
0.510313032000000	0.004510660000000	0.001040650000000
0.514473563000000	0.004434020000000	0.001011634000000
0.518668011000000	0.004358450000000	0.000983281700000
0.522896657000000	0.004283340000000	0.000955860100000
0.527159784000000	0.004209300000000	0.000929076800000
0.531457660000000	0.004135890000000	0.000903162600000
0.535790600000000	0.004063520000000	0.000877861100000
0.540158836000000	0.003991840000000	0.000853368400000
0.544562692000000	0.003921160000000	0.000829465600000
0.549002479000000	0.003851180000000	0.000806319600000
0.553478437000000	0.003782190000000	0.000783739800000
0.557990884000000	0.003713920000000	0.000761865200000
0.562540144000000	0.003646600000000	0.000740534200000
0.567126472000000	0.003579970000000	0.000719861500000
0.571750200000000	0.003514260000000	0.000699710900000
0.576411617000000	0.003449230000000	0.000680173800000
0.581111041000000	0.003385060000000	0.000661137800000
0.585848798000000	0.003321570000000	0.000642673700000
0.590625162000000	0.003258860000000	0.000624690500000
0.595440467000000	0.003196760000000	0.000607240700000
0.600295054000000	0.003135260000000	0.000590252400000
0.605189182000000	0.003074180000000	0.000573760800000
0.610123233000000	0.003013940000000	0.000558216100000
0.615097503000000	0.002954470000000	0.000543747600000
0.620112358000000	0.002895900000000	0.000529781700000
0.625168073000000	0.002838200000000	0.000516336400000
0.630264991000000	0.002781400000000	0.000503229100000
0.635403496000000	0.002725490000000	0.000490455500000
0.640583877000000	0.002670270000000	0.000478007500000
0.645806495000000	0.002615770000000	0.000465872900000
0.651071685000000	0.002561870000000	0.000454050500000
0.656379818000000	0.002508620000000	0.000442521800000
0.661731206000000	0.002455890000000	0.000431293600000
0.667126233000000	0.002403770000000	0.000420341000000
0.672565256000000	0.002352070000000	0.000409677200000
0.678048600000000	0.002300940000000	0.000399272100000
0.683576671000000	0.002250160000000	0.000389144300000
0.689149804000000	0.002199940000000	0.000379258900000
0.694768380000000	0.002149980000000	0.000369640000000
0.700432745000000	0.002100570000000	0.000360248400000
0.706143333000000	0.002051580000000	0.000351113600000
0.711900463000000	0.002003240000000	0.000342192400000
0.717704499000000	0.001955000000000	0.000332296400000
0.723555894000000	0.001907310000000	0.000322071500000
0.729454941000000	0.001857790000000	0.000310407100000
0.735402152000000	0.001808110000000	0.000298311600000
0.741397785000000	0.001755010000000	0.000286778500000
0.747442325000000	0.001701380000000	0.000275597800000
0.753536174000000	0.001647030000000	0.000268357100000
0.759679650000000	0.001593200000000	0.000262440900000
0.765873261000000	0.001537550000000	0.000255838900000
0.772117335000000	0.001482210000000	0.000249140200000
0.778412349000000	0.001423480000000	0.000242871600000
0.784758692000000	0.001364880000000	0.000236795100000
0.791156759000000	0.001301000000000	0.000231080600000
0.797606948000000	0.001237130000000	0.000225524400000
0.804109768000000	0.001163890000000	0.000220142500000
0.810665581000000	0.001090400000000	0.000214873700000
0.817274862000000	0.000998550000000	0.000209750800000
0.823938038000000	0.000905980000000	0.000204730400000
0.830655545000000	0.000767050000000	0.000199850800000
0.837427766000000	0.000626000000000	0.000195067600000
0.844255264000000	0.000127800000000	0.000190418700000
0.851138382000000	-0.000388000000000	0.000185860500000
0.858077640000000	-0.000567800000000	0.001454521000000
0.865073451000000	0.000547880000000	0.001414998000000
0.872126294000000	0.000724460000000	0.001376793000000
0.879236654000000	0.000870200000000	0.001339344000000
0.886405029000000	0.000945430000000	0.001303187000000
0.893631796000000	0.001017880000000	0.001267745000000
0.900917464000000	0.001061980000000	0.001233517000000
0.908262552000000	0.001104210000000	0.001199974000000
0.915667523000000	0.001130800000000	0.001167571000000
0.923132916000000	0.001155960000000	0.001135866000000
0.930659138000000	0.001171400000000	0.001105751000000
0.938246674000000	0.001185630000000	0.001076220000000
0.945896087000000	0.001192550000000	0.001047302000000
0.953607950000000	0.001198140000000	0.001018957000000
0.961382629000000	0.001195750000000	0.000991264000000
0.969220639000000	0.001192300000000	0.000965013700000
0.977122580000000	0.001182930000000	0.000944792100000
0.985088988000000	0.001172300000000	0.000927136000000
0.993120331000000	0.001154960000000	0.000920926600000
1.001217160000000	0.001143920000000	0.000917490900000
1.009379955000000	0.001158840000000	0.000925774000000
1.017609370000000	0.001174150000000	0.000926795900000
1.025905818000000	0.001192250000000	0.000902161500000
1.034269974000000	0.001205680000000	0.000877989100000
1.042702266000000	0.001205550000000	0.000854238900000
1.051203300000000	0.001204650000000	0.000830999700000
1.059773608000000	0.001201860000000	0.000808356500000
1.068413909000000	0.001198340000000	0.000786249900000
1.077124569000000	0.001193180000000	0.000764814100000
1.085906237000000	0.001187460000000	0.000743895400000
1.094759574000000	0.001180530000000	0.000723609600000
1.103684962000000	0.001173170000000	0.000703820100000
1.112683279000000	0.001164940000000	0.000684619100000
1.121754823000000	0.001156360000000	0.000665897100000
1.130900398000000	0.001147130000000	0.000647729500000
1.140120517000000	0.001137620000000	0.000630022600000
1.149415803000000	0.001127620000000	0.000612833300000
1.158786891000000	0.001117400000000	0.000596084500000
1.168234316000000	0.001106820000000	0.000579817100000
1.177758844000000	0.001096070000000	0.000563972500000
1.187361031000000	0.001085060000000	0.000548578000000
1.197041440000000	0.001073910000000	0.000533589300000
1.206800875000000	0.001062580000000	0.000519021100000
1.216639801000000	0.001051150000000	0.000504842200000
1.226558928000000	0.001039610000000	0.000491055300000
1.236558856000000	0.001028000000000	0.000477621600000
1.246640466000000	0.001016330000000	0.000464533500000
1.256804196000000	0.001004590000000	0.000451783500000
1.267050804000000	0.000992820000000	0.000439356600000
1.277380943000000	0.000980990000000	0.000427248700000
1.287795307000000	0.000969140000000	0.000415440100000
1.298294585000000	0.000957260000000	0.000403969100000
1.308879451000000	0.000945380000000	0.000392801000000
1.319550618000000	0.000933490000000	0.000381956500000
1.330308782000000	0.000921650000000	0.000371394300000
1.341154666000000	0.000909820000000	0.000361141700000
1.352088975000000	0.000898050000000	0.000351151800000
1.363112425000000	0.000886300000000	0.000341460300000
1.374225745000000	0.000874640000000	0.000332014600000
1.385429676000000	0.000863010000000	0.000322853800000
1.396724954000000	0.000851480000000	0.000313921100000
1.408112312000000	0.000840000000000	0.000305260900000
1.419592513000000	0.000828630000000	0.000296812700000
1.431166314000000	0.000817320000000	0.000288626000000
1.442834486000000	0.000806130000000	0.000280636600000
1.454597760000000	0.000795030000000	0.000272883600000
1.466456967000000	0.000784060000000	0.000265309700000
1.478412847000000	0.000773160000000	0.000257953600000
1.490466204000000	0.000762390000000	0.000250762500000
1.502617819000000	0.000751680000000	0.000243714700000
1.514868524000000	0.000741100000000	0.000236805700000
1.527219108000000	0.000730540000000	0.000230116000000
1.539670375000000	0.000720100000000	0.000223576600000
1.552223157000000	0.000709700000000	0.000217260500000
1.564878285000000	0.000699440000000	0.000211086700000
1.577636580000000	0.000689240000000	0.000205123800000
1.590498900000000	0.000679180000000	0.000199292300000
1.603466094000000	0.000669190000000	0.000193663200000
1.616538985000000	0.000659340000000	0.000188155700000
1.629718472000000	0.000649570000000	0.000182841200000
1.643005405000000	0.000639940000000	0.000177639500000
1.656400670000000	0.000630390000000	0.000172623900000
1.669905144000000	0.000620980000000	0.000167712600000
1.683519720000000	0.000611660000000	0.000162979100000
1.697245306000000	0.000602470000000	0.000158342000000
1.711082776000000	0.000593390000000	0.000153875100000
1.725033068000000	0.000584450000000	0.000149497400000
1.739097087000000	0.000575590000000	0.000145246100000
1.753275775000000	0.000566880000000	0.000141079800000
1.767570068000000	0.000558230000000	0.000137056300000
1.781980890000000	0.000549720000000	0.000133115000000
1.796509208000000	0.000541280000000	0.000129310500000
1.811155976000000	0.000532970000000	0.000125585800000
1.825922165000000	0.000524750000000	0.000121995700000
1.840808737000000	0.000516650000000	0.000118482400000
1.855816667000000	0.000508650000000	0.000115094800000
1.870946973000000	0.000500760000000	0.000111780900000
1.886200609000000	0.000492970000000	0.000108583800000
1.901578628000000	0.000485290000000	0.000105457800000
1.917082013000000	0.000477710000000	0.000102441900000
1.932711792000000	0.000470240000000	0.000099494450000
1.948469014000000	0.000462870000000	0.000096648410000
1.964354679000000	0.000455610000000	0.000093867910000
1.980369867000000	0.000448450000000	0.000091181210000
1.996515647000000	0.000441390000000	0.000088561390000
2.012793039000000	0.000434440000000	0.000086042730000
2.029203143000000	0.000427590000000	0.000083577860000
2.045747049000000	0.000420840000000	0.000081174780000
2.062425827000000	0.000414190000000	0.000078829810000
2.079240601000000	0.000407630000000	0.000076560490000
2.096192442000000	0.000401170000000	0.000074347120000
2.113282475000000	0.000394800000000	0.000072204350000
2.130511879000000	0.000388520000000	0.000070115640000
2.147881745000000	0.000382340000000	0.000068093520000
2.165393216000000	0.000376240000000	0.000066122570000
2.183047455000000	0.000370230000000	0.000064212280000
2.200845605000000	0.000364320000000	0.000062352400000
2.218788908000000	0.000358490000000	0.000060551200000
2.236878465000000	0.000352750000000	0.000058797140000
2.255115518000000	0.000347100000000	0.000057095890000
2.273501246000000	0.000341530000000	0.000055440230000
2.292036891000000	0.000336040000000	0.000053834140000
2.310723672000000	0.000330640000000	0.000052272520000
2.329562741000000	0.000325320000000	0.000050757980000
2.348555444000000	0.000320080000000	0.000049285340000
2.367703018000000	0.000314920000000	0.000047855740000
2.387006674000000	0.000309840000000	0.000046466870000
2.406467688000000	0.000304830000000	0.000045118550000
2.426087402000000	0.000299910000000	0.000043808460000
2.445867042000000	0.000295060000000	0.000042535320000
2.465807947000000	0.000290280000000	0.000041299330000
2.485911481000000	0.000285580000000	0.000040098220000
2.506178879000000	0.000280960000000	0.000038933300000
2.526611498000000	0.000276400000000	0.000037801200000
2.547210716000000	0.000271920000000	0.000036702280000
2.567977883000000	0.000267500000000	0.000035632820000
2.588914372000000	0.000263160000000	0.000034596470000
2.610021523000000	0.000258880000000	0.000033588340000
2.631300751000000	0.000254670000000	0.000032611250000
2.652753497000000	0.000250520000000	0.000031659980000
2.674381171000000	0.000246450000000	0.000030738730000
2.696185146000000	0.000242430000000	0.000029841610000
2.718166874000000	0.000238480000000	0.000028973040000
2.740327834000000	0.000234590000000	0.000028126760000
2.762669468000000	0.000230770000000	0.000027307870000
2.785193241000000	0.000227000000000	0.000026509660000
2.807900642000000	0.000223290000000	0.000025737560000
2.830793185000000	0.000219650000000	0.000024984610000
2.853872344000000	0.000216060000000	0.000024256820000
2.877139684000000	0.000212530000000	0.000023546830000
2.900596728000000	0.000209050000000	0.000022860690000
2.924245024000000	0.000205630000000	0.000022190970000
2.948086078000000	0.000202270000000	0.000021544200000
2.972121557000000	0.000198950000000	0.000020912660000
2.996353019000000	0.000195700000000	0.000020303100000
3.020781971000000	0.000192490000000	0.000019707620000
3.045410091000000	0.000189340000000	0.000019133000000
3.070239010000000	0.000186230000000	0.000018571400000
3.095270390000000	0.000183180000000	0.000018029690000
3.120505841000000	0.000180180000000	0.000017500000000
3.145946997000000	0.000177220000000	0.000016989500000
3.171595601000000	0.000174310000000	0.000016490100000
3.197453344000000	0.000171450000000	0.000016008890000
3.223521861000000	0.000168640000000	0.000015537950000
3.249802896000000	0.000165870000000	0.000015084540000
3.276298226000000	0.000163140000000	0.000014640600000
3.303009567000000	0.000160460000000	0.000014213270000
3.329938755000000	0.000157830000000	0.000013794650000
3.357087385000000	0.000155230000000	0.000013391890000
3.384457440000000	0.000152680000000	0.000012997260000
3.412050571000000	0.000150170000000	0.000012617520000
3.439868638000000	0.000147700000000	0.000012245540000
3.467913631000000	0.000145270000000	0.000011887680000
3.496187188000000	0.000142880000000	0.000011537290000
3.524691261000000	0.000140530000000	0.000011199780000
3.553427741000000	0.000138220000000	0.000010869470000
3.582398444000000	0.000135940000000	0.000010551390000
3.611605424000000	0.000133700000000	0.000010240220000
3.641050456000000	0.000131500000000	0.000009940291000
3.670735554000000	0.000129330000000	0.000009647015000
3.700662767000000	0.000127200000000	0.000009364236000
3.730833849000000	0.000125110000000	0.000009087872000
3.761251026000000	0.000123050000000	0.000008821359000
3.791916111000000	0.000121020000000	0.000008560997000
3.822831288000000	0.000119020000000	0.000008309789000
3.853998429000000	0.000117060000000	0.000008064467000
3.885419670000000	0.000115130000000	0.000007827610000
3.917097188000000	0.000113230000000	0.000007596437000
3.949032823000000	0.000111360000000	0.000007373234000
3.981228945000000	0.000109530000000	0.000007155455000
4.013687588000000	0.000107720000000	0.000006944974000
4.046410811000000	0.000105940000000	0.000006739736000
4.079400708000000	0.000104190000000	0.000006541392000
4.112659674000000	0.000102470000000	0.000006348041000
4.146189880000000	0.000100780000000	0.000006161015000
4.179993247000000	0.000099110000000	0.000005978840000
4.214072432000000	0.000097480000000	0.000005802664000
4.248429284000000	0.000095870000000	0.000005631088000
4.283066401000000	0.000094280000000	0.000005464976000
4.317985839000000	0.000092730000000	0.000005303275000
4.353189832000000	0.000091190000000	0.000005146666000
4.388680955000000	0.000089690000000	0.000004994339000
4.424461527000000	0.000088200000000	0.000004846818000
4.460533739000000	0.000086740000000	0.000004703323000
4.496899975000000	0.000085310000000	0.000004564188000
4.533562827000000	0.000083900000000	0.000004428988000
4.570524599000000	0.000082510000000	0.000004297944000
4.607787629000000	0.000081140000000	0.000004170606000
4.645354464000000	0.000079800000000	0.000004047041000
4.683227518000000	0.000078480000000	0.000003927061000
4.721409425000000	0.000077180000000	0.000003810626000
4.759902684000000	0.000075900000000	0.000003697614000
4.798709651000000	0.000074640000000	0.000003587887000
4.837833088000000	0.000073410000000	0.000003481456000
4.877275429000000	0.000072190000000	0.000003378081000
4.917039338000000	0.000070990000000	0.000003277806000
4.957127524000000	0.000069810000000	0.000003180330000
4.997542546000000	0.000068650000000	0.000003085844000
5.038286999000000	0.000067510000000	0.000002993964000
5.079363727000000	0.000066390000000	0.000002905010000
5.120775206000000	0.000065290000000	0.000002818505000
5.162524370000000	0.000064210000000	0.000002734719000
5.204613997000000	0.000063140000000	0.000002653163000
5.247046685000000	0.000062090000000	0.000002574219000
5.289825295000000	0.000061060000000	0.000002497348000
5.332952740000000	0.000060040000000	0.000002423002000
5.376431749000000	0.000059040000000	0.000002350588000
5.420265331000000	0.000058060000000	0.000002280550000
5.464456308000000	0.000057090000000	0.000002212282000
5.509007547000000	0.000056140000000	0.000002146376000
5.553921961000000	0.000055200000000	0.000002082141000
5.599202509000000	0.000054280000000	0.000002020005000
5.644852198000000	0.000053370000000	0.000001959365000
5.690874088000000	0.000052480000000	0.000001900875000
5.737271291000000	0.000051600000000	0.000001843809000
5.784046705000000	0.000050740000000	0.000001788744000
5.831203542000000	0.000049890000000	0.000001734983000
5.878744796000000	0.000049050000000	0.000001683108000
5.926673501000000	0.000048230000000	0.000001632432000
5.974993030000000	0.000047420000000	0.000001583557000
6.023706819000000	0.000046620000000	0.000001535789000
6.072817480000000	0.000045840000000	0.000001489799000
6.122328549000000	0.000045070000000	0.000001444839000
6.172243325000000	0.000044310000000	0.000001401504000
6.222564853000000	0.000043560000000	0.000001359109000
6.273296850000000	0.000042820000000	0.000001318317000
6.324442470000000	0.000042100000000	0.000001278397000
6.376005238000000	0.000041380000000	0.000001239988000
6.427988076000000	0.000040680000000	0.000001202380000
6.480394950000000	0.000039990000000	0.000001166206000
6.533228883000000	0.000039310000000	0.000001130769000
6.586493629000000	0.000038640000000	0.000001096715000
6.640192661000000	0.000037980000000	0.000001063353000
6.694329507000000	0.000037320000000	0.000001031279000
6.748907753000000	0.000036680000000	0.000000999868100
6.803931046000000	0.000036050000000	0.000000969650200
6.859402715000000	0.000035430000000	0.000000940072700
6.915326903000000	0.000034810000000	0.000000911618700
6.971706669000000	0.000034210000000	0.000000883778700
7.028546284000000	0.000033610000000	0.000000856969100
7.085849311000000	0.000033020000000	0.000000830752900
7.143619773000000	0.000032440000000	0.000000805505100
7.201860936000000	0.000031860000000	0.000000780826300
7.260576941000000	0.000031290000000	0.000000757046100
7.319771584000000	0.000030730000000	0.000000733814200
7.379449157000000	0.000030170000000	0.000000711426700
7.439613150000000	0.000029620000000	0.000000689562900
7.500267543000000	0.000029080000000	0.000000668470300
7.561416382000000	0.000028530000000	0.000000647883800
7.623064252000000	0.000027990000000	0.000000628024900
7.685213935000000	0.000027450000000	0.000000608651600
7.747871101000000	0.000026910000000	0.000000589952900
7.811038639000000	0.000026370000000	0.000000571720200
7.874721426000000	0.000025820000000	0.000000554113900
7.938922929000000	0.000025270000000	0.000000536952800
8.003648187000000	0.000024690000000	0.000000520369400
8.068901310000000	0.000024080000000	0.000000504216700
8.134686472000000	0.000023410000000	0.000000488607400
8.201007365000000	0.000022530000000	0.000000473414000
8.267869364000000	0.000021220000000	0.000000458733900
8.335276864000000	0.000015270000000	0.000003476159000
8.403233191000000	0.000019080000000	0.000003380007000
8.471743987000000	0.000021420000000	0.000003286268000
8.540813280000000	0.000021470000000	0.000003195231000
8.610445739000000	0.000021440000000	0.000003106429000
8.680646115000000	0.000021310000000	0.000003020036000
8.751418629000000	0.000021160000000	0.000002935808000
8.822768179000000	0.000020960000000	0.000002853854000
8.894699117000000	0.000020760000000	0.000002773994000
8.967216499000000	0.000020530000000	0.000002696287000
9.040325481000000	0.000020300000000	0.000002620588000
9.114030652000000	0.000020060000000	0.000002546902000
9.188336667000000	0.000019820000000	0.000002475142000
9.263248246000000	0.000019570000000	0.000002405265000
9.338770178000000	0.000019320000000	0.000002337276000
9.414908756000000	0.000019070000000	0.000002271086000
9.491667536000000	0.000018820000000	0.000002206716000
9.569052274000000	0.000018560000000	0.000002144035000
9.647067355000000	0.000018310000000	0.000002083083000
9.725718729000000	0.000018060000000	0.000002023698000
9.805011707000000	0.000017810000000	0.000001966033000
9.884950908000000	0.000017560000000	0.000001909871000
9.965542597000000	0.000017310000000	0.000001855298000
10.046790750000000	0.000017060000000	0.000001802091000
10.128701000000000	0.000016820000000	0.000001750448000
10.211279090000000	0.000016570000000	0.000001700107000
10.294530860000000	0.000016330000000	0.000001651267000
10.378461420000000	0.000016090000000	0.000001603638000
10.463075920000000	0.000015860000000	0.000001557460000
10.548380510000000	0.000015620000000	0.000001512416000
10.634380510000000	0.000015390000000	0.000001468760000
10.721081360000000	0.000015160000000	0.000001426162000
10.808489490000000	0.000014930000000	0.000001384907000
10.896609560000000	0.000014710000000	0.000001344641000
10.985448220000000	0.000014490000000	0.000001305660000
11.075012260000000	0.000014270000000	0.000001267598000
11.165305600000000	0.000014050000000	0.000001230770000
11.256335210000000	0.000013840000000	0.000001194797000
11.348107170000000	0.000013630000000	0.000001160013000
11.440626630000000	0.000013420000000	0.000001126026000
11.533900910000000	0.000013220000000	0.000001093183000
11.627936420000000	0.000013010000000	0.000001061079000
11.722737500000000	0.000012810000000	0.000001030073000
11.818311810000000	0.000012620000000	0.000000999753200
11.914664940000000	0.000012420000000	0.000000970484100
12.011804860000000	0.000012230000000	0.000000941851800
12.109735020000000	0.000012040000000	0.000000914235500
12.208464800000000	0.000011850000000	0.000000887210000
12.307998990000000	0.000011670000000	0.000000861142900
12.408345460000000	0.000011490000000	0.000000835622100
12.509509520000000	0.000011310000000	0.000000811036100
12.611498290000000	0.000011130000000	0.000000786956100
12.714318640000000	0.000010960000000	0.000000763763000
12.817977310000000	0.000010790000000	0.000000741038100
12.922480990000000	0.000010620000000	0.000000719169200
13.027836760000000	0.000010450000000	0.000000697743600
13.134051420000000	0.000010290000000	0.000000677104700
13.241132130000000	0.000010120000000	0.000000656893800
13.349085790000000	0.000009960000000	0.000000637429800
13.457919500000000	0.000009810000000	0.000000618377300
13.567640660000000	0.000009650000000	0.000000600019900
13.678256340000000	0.000009500000000	0.000000582059500
13.789773880000000	0.000009350000000	0.000000564751000
13.902200590000000	0.000009200000000	0.000000547823700
14.015543870000000	0.000009060000000	0.000000531502000
14.129811110000000	0.000008910000000	0.000000515548200
14.245010150000000	0.000008770000000	0.000000500164800
14.361148290000000	0.000008630000000	0.000000485134300
14.478233450000000	0.000008490000000	0.000000470630100
14.596273010000000	0.000008360000000	0.000000456466700
14.715274980000000	0.000008230000000	0.000000442800700
14.835247330000000	0.000008090000000	0.000000429460500
14.956197630000000	0.000007970000000	0.000000416579200
15.078134120000000	0.000007840000000	0.000000404012500
15.201064610000000	0.000007710000000	0.000000391876800
15.324997420000000	0.000007590000000	0.000000380042600
15.449940640000000	0.000007470000000	0.000000368607100
15.575902470000000	0.000007350000000	0.000000357461900
15.702891270000000	0.000007230000000	0.000000346690600
15.830915510000000	0.000007120000000	0.000000336197400
15.959983410000000	0.000007000000000	0.000000326050600
16.090103540000000	0.000006890000000	0.000000316171900
16.221284590000000	0.000006780000000	0.000000306616500
16.353535200000000	0.000006670000000	0.000000297317700
16.486864150000000	0.000006560000000	0.000000288318600
16.621279900000000	0.000006460000000	0.000000279565300
16.756791530000000	0.000006350000000	0.000000271090700
16.893408000000000	0.000006250000000	0.000000262852400
17.031138480000000	0.000006150000000	0.000000254873700
17.169991530000000	0.000006050000000	0.000000247121100
17.309976830000000	0.000005960000000	0.000000239609400
17.451103480000000	0.000005860000000	0.000000232315000
17.593380510000000	0.000005770000000	0.000000225244800
17.736817810000000	0.000005670000000	0.000000218381400
17.881424210000000	0.000005580000000	0.000000211724500
18.027209920000000	0.000005490000000	0.000000205267300
18.174183790000000	0.000005400000000	0.000000199003000
18.322356400000000	0.000005320000000	0.000000192929700
18.471736600000000	0.000005230000000	0.000000187034800
18.622335040000000	0.000005150000000	0.000000181321500
18.774161150000000	0.000005060000000	0.000000175772600
18.927225090000000	0.000004980000000	0.000000170399000
19.081536890000000	0.000004900000000	0.000000165178700
19.237106740000000	0.000004820000000	0.000000160125100
19.393945010000000	0.000004740000000	0.000000155213300
19.552061910000000	0.000004670000000	0.000000150461500
19.711468180000000	0.000004590000000	0.000000145841000
19.872173740000000	0.000004520000000	0.000000141372700
20.034189660000000	0.000004450000000	0.000000137025500
20.197526530000000	0.000004370000000	0.000000132824500
20.362194800000000	0.000004300000000	0.000000128735500
20.528206070000000	0.000004230000000	0.000000124785800
20.695570480000000	0.000004160000000	0.000000120939400
20.864299310000000	0.000004100000000	0.000000117226600
21.034404060000000	0.000004030000000	0.000000113609300
21.205895360000000	0.000003970000000	0.000000110119400
21.378785060000000	0.000003900000000	0.000000106717500
21.553084160000000	0.000003840000000	0.000000103437600
21.728804540000000	0.000003780000000	0.000000100238800
21.905957150000000	0.000003720000000	0.000000097155810
22.084554270000000	0.000003660000000	0.000000094147570
22.264607620000000	0.000003600000000	0.000000091250280
22.446128700000000	0.000003540000000	0.000000088421840
22.629130010000000	0.000003480000000	0.000000085699280
22.813623000000000	0.000003420000000	0.000000083040090
22.999620190000000	0.000003370000000	0.000000080481810
23.187134260000000	0.000003310000000	0.000000077981830
23.376176400000000	0.000003260000000	0.000000075578240
23.566760150000000	0.000003210000000	0.000000073228260
23.758897970000000	0.000003160000000	0.000000070969900
23.952601590000000	0.000003110000000	0.000000068760750
24.147884780000000	0.000003060000000	0.000000066639060
24.344760130000000	0.000003010000000	0.000000064562520
24.543240940000000	0.000002960000000	0.000000062569620
24.743339740000000	0.000002910000000	0.000000060618100
24.945069740000000	0.000002860000000	0.000000058746020
25.148444380000000	0.000002820000000	0.000000056912310
25.353477330000000	0.000002770000000	0.000000055153400
25.560181430000000	0.000002730000000	0.000000053430890
25.768571330000000	0.000002680000000	0.000000051778000
25.978659780000000	0.000002640000000	0.000000050160190
26.190461350000000	0.000002590000000	0.000000048606820
26.403989780000000	0.000002550000000	0.000000047087260
26.619258990000000	0.000002510000000	0.000000045627910
26.836283170000000	0.000002470000000	0.000000044201000
27.055076720000000	0.000002430000000	0.000000042829810
27.275654280000000	0.000002390000000	0.000000041489860
27.498030140000000	0.000002350000000	0.000000040201520
27.722218810000000	0.000002310000000	0.000000038943200
27.948235040000000	0.000002280000000	0.000000037732840
28.176094450000000	0.000002240000000	0.000000036551300
28.405811690000000	0.000002200000000	0.000000035414320
28.637401570000000	0.000002170000000	0.000000034305000
28.870879200000000	0.000002130000000	0.000000033236890
29.106260550000000	0.000002100000000	0.000000032195300
29.343561250000000	0.000002060000000	0.000000031191960
29.582796430000000	0.000002030000000	0.000000030214090
29.823982220000000	0.000002000000000	0.000000029271680
30.067134250000000	0.000001970000000	0.000000028400970
30.312268440000000	0.000001930000000	0.000000027684950
30.559401700000000	0.000001900000000	0.000000026880820
30.808549740000000	0.000001870000000	0.000000026037520
31.059728470000000	0.000001840000000	0.000000025225720
31.312955670000000	0.000001810000000	0.000000024435760
31.568247010000000	0.000001780000000	0.000000023671700
31.825620040000000	0.000001750000000	0.000000022931560
32.085090970000000	0.000001720000000	0.000000022215360
32.346677910000000	0.000001700000000	0.000000021519020
32.610397620000000	0.000001670000000	0.000000020845640
32.876266260000000	0.000001640000000	0.000000020195360
33.144303690000000	0.000001620000000	0.000000019562660
33.414525760000000	0.000001590000000	0.000000018947080
33.686951220000000	0.000001560000000	0.000000018353640
33.961598250000000	0.000001540000000	0.000000017777090
34.238483440000000	0.000001510000000	0.000000017219640
34.517626470000000	0.000001490000000	0.000000016677970
34.799045480000000	0.000001460000000	0.000000016155370
35.082758860000000	0.000001440000000	0.000000015648090
35.368785340000000	0.000001420000000	0.000000015155460
35.657142910000000	0.000001390000000	0.000000014678450
35.947852940000000	0.000001370000000	0.000000014216860
36.240931980000000	0.000001350000000	0.000000013770660
36.536401050000000	0.000001330000000	0.000000013336380
36.834278280000000	0.000001310000000	0.000000012917930
37.134584290000000	0.000001290000000	0.000000012511400
37.437338960000000	0.000001260000000	0.000000012117290
37.742562480000000	0.000001240000000	0.000000011736940
38.050274240000000	0.000001220000000	0.000000011366620
38.360493900000000	0.000001200000000	0.000000011008370
38.673243840000000	0.000001180000000	0.000000010660940
38.988543220000000	0.000001170000000	0.000000010323370
39.306412700000000	0.000001150000000	0.000000009998469
39.626874530000000	0.000001130000000	0.000000009682605
39.949947530000000	0.000001110000000	0.000000009376524
40.275655970000000	0.000001090000000	0.000000009081480
40.604019340000000	0.000001070000000	0.000000008793218
40.935060050000000	0.000001060000000	0.000000008513808
41.268799560000000	0.000001040000000	0.000000008244411
41.605259650000000	0.000001020000000	0.000000007982570
41.944463880000000	0.000001010000000	0.000000007730638
42.286433390000000	0.000000990000000	0.000000007483773
42.631191060000000	0.000000970000000	0.000000007247863
42.978758690000000	0.000000960000000	0.000000007016937
43.329159900000000	0.000000940000000	0.000000006795654
43.682418740000000	0.000000930000000	0.000000006579122
44.038556580000000	0.000000910000000	0.000000006370472
44.397599810000000	0.000000900000000	0.000000006167751
44.759568950000000	0.000000880000000	0.000000005972440
45.124489620000000	0.000000870000000	0.000000005782358
45.492384610000000	0.000000850000000	0.000000005598287
45.863278750000000	0.000000840000000	0.000000005419885
46.237198990000000	0.000000830000000	0.000000005247189
46.614165890000000	0.000000810000000	0.000000005079985
46.994207220000000	0.000000800000000	0.000000004917968
47.377345960000000	0.000000790000000	0.000000004761661
47.763609050000000	0.000000780000000	0.000000004610135
48.153020180000000	0.000000760000000	0.000000004463283
48.545607200000000	0.000000750000000	0.000000004320989
48.941394630000000	0.000000740000000	0.000000004183436
49.340409310000000	0.000000730000000	0.000000004050372
49.742676540000000	0.000000710000000	0.000000003921453
50.148224040000000	0.000000700000000	0.000000003796377
50.557077990000000	0.000000690000000	0.000000003674912
50.969264970000000	0.000000680000000	0.000000003557417
51.384811980000000	0.000000670000000	0.000000003443846
51.803748610000000	0.000000660000000	0.000000003333841
52.226098480000000	0.000000650000000	0.000000003227293
52.651894320000000	0.000000640000000	0.000000003124109
53.081158300000000	0.000000630000000	0.000000003024194
53.513924200000000	0.000000620000000	0.000000002927472
53.950219590000000	0.000000610000000	0.000000002833936
54.390070070000000	0.000000600000000	0.000000002743430
54.833506360000000	0.000000590000000	0.000000002655783
55.280559760000000	0.000000580000000	0.000000002571130
55.731254700000000	0.000000570000000	0.000000002488737
56.185628470000000	0.000000560000000	0.000000002408786
56.643703840000000	0.000000550000000	0.000000002331574
57.105514110000000	0.000000540000000	0.000000002256913
57.571090640000000	0.000000530000000	0.000000002184363
58.040459880000000	0.000000520000000	0.000000002114350
58.513659600000000	0.000000520000000	0.000000002046459
58.990714460000000	0.000000510000000	0.000000001981187
59.471660640000000	0.000000500000000	0.000000001917234
59.956529340000000	0.000000490000000	0.000000001855583
60.445346370000000	0.000000480000000	0.000000001795845
60.938152640000000	0.000000480000000	0.000000001737644
61.434974930000000	0.000000470000000	0.000000001681392
61.935849490000000	0.000000460000000	0.000000001627180
62.440807020000000	0.000000450000000	0.000000001574466
62.949878630000000	0.000000450000000	0.000000001523515
63.463105610000000	0.000000440000000	0.000000001474509
63.980513760000000	0.000000430000000	0.000000001426591
64.502139010000000	0.000000420000000	0.000000001380715
65.028017960000000	0.000000420000000	0.000000001335853
65.558187940000000	0.000000410000000	0.000000001292778
66.092676450000000	0.000000400000000	0.000000001250889
66.631521830000000	0.000000400000000	0.000000001210409
67.174763180000000	0.000000390000000	0.000000001171177
67.722433070000000	0.000000380000000	0.000000001133283
68.274568170000000	0.000000380000000	0.000000001096682
68.831202000000000	0.000000370000000	0.000000001061149
69.392376220000000	0.000000370000000	0.000000001026867
69.958125560000000	0.000000360000000	0.000000000993507
70.528489230000000	0.000000350000000	0.000000000961422
71.103499010000000	0.000000350000000	0.000000000930153
71.683199340000000	0.000000340000000	0.000000000900059
72.267627340000000	0.000000340000000	0.000000000870832
72.856816380000000	0.000000330000000	0.000000000842540
73.450813160000000	0.000000330000000	0.000000000815217
74.049647910000000	0.000000320000000	0.000000000788805
74.653368840000000	0.000000320000000	0.000000000763251
75.262011720000000	0.000000310000000	0.000000000738473
75.875617350000000	0.000000310000000	0.000000000714516
76.494222520000000	0.000000300000000	0.000000000691442
77.117874030000000	0.000000300000000	0.000000000668914
77.746605140000000	0.000000290000000	0.000000000647254
78.380469090000000	0.000000290000000	0.000000000626268
79.019495410000000	0.000000280000000	0.000000000605963
79.663733970000000	0.000000280000000	0.000000000586315
80.313225470000000	0.000000270000000	0.000000000567296
80.968011170000000	0.000000270000000	0.000000000548855
81.628132960000000	0.000000260000000	0.000000000531027
82.293638810000000	0.000000260000000	0.000000000513761
82.964572160000000	0.000000260000000	0.000000000497080
83.640977140000000	0.000000250000000	0.000000000480980
84.322892880000000	0.000000250000000	0.000000000465356
85.010370540000000	0.000000240000000	0.000000000450202
85.703450580000000	0.000000240000000	0.000000000435682
86.402179920000000	0.000000240000000	0.000000000421456
87.106612440000000	0.000000230000000	0.000000000407835
87.816784640000000	0.000000230000000	0.000000000394540
88.532745760000000	0.000000220000000	0.000000000381727
89.254539580000000	0.000000220000000	0.000000000369320
89.982223470000000	0.000000220000000	0.000000000357301
90.715842980000000	0.000000210000000	0.000000000345758
91.455437530000000	0.000000210000000	0.000000000334455
92.201067340000000	0.000000210000000	0.000000000323642
92.952773270000000	0.000000200000000	0.000000000313064
93.710610630000000	0.000000200000000	0.000000000302901
94.474621510000000	0.000000200000000	0.000000000293059
95.244862960000000	0.000000190000000	0.000000000283537
96.021385860000000	0.000000190000000	0.000000000274337
96.804241960000000	0.000000190000000	0.000000000265406
97.593476180000000	0.000000180000000	0.000000000256785
98.389149480000000	0.000000180000000	0.000000000248420
99.191300480000000	0.000000180000000	0.000000000240330
100.000000000000000	0.000000180000000	0.000000000232513
