0.03	0.332361	0.142589
0.030587	0.321721	0.136859
0.031185	0.311429	0.131362
0.031794	0.301494	0.126082
0.032416	0.291862	0.121006
0.03305	0.282538	0.116126
0.033696	0.273531	0.111437
0.034355	0.264811	0.106926
0.035027	0.256379	0.102582
0.035711	0.248228	0.0983992
0.03641	0.240326	0.0943704
0.037122	0.232687	0.0904828
0.037847	0.225305	0.0867459
0.038587	0.218152	0.0831344
0.039342	0.211222	0.0796524
0.040111	0.204524	0.0762954
0.040895	0.19803	0.0730515
0.041695	0.191738	0.0699261
0.04251	0.185654	0.0669047
0.043341	0.179751	0.0639925
0.044189	0.174031	0.0611797
0.045053	0.168487	0.058463
0.045934	0.163111	0.0558427
0.046832	0.157903	0.0533129
0.047748	0.152848	0.0508699
0.048681	0.147951	0.0485183
0.049633	0.143194	0.0462485
0.050603	0.138581	0.0440574
0.051593	0.134099	0.0419473
0.052602	0.129754	0.0399116
0.05363	0.125536	0.0379554
0.054679	0.121437	0.0360677
0.055748	0.11746	0.0342548
0.056838	0.113598	0.0325079
0.057949	0.109848	0.030831
0.059082	0.106207	0.0292214
0.060237	0.10267	0.0276748
0.061415	0.0992323	0.0261887
0.062616	0.0958942	0.0247664
0.06384	0.0926545	0.0234036
0.065089	0.0895068	0.0220972
0.066361	0.0864518	0.020851
0.067659	0.0834831	0.0196568
0.068982	0.0806028	0.0185171
0.07033	0.0778081	0.0174299
0.071706	0.0750918	0.0163928
0.073108	0.0724579	0.0154049
0.074537	0.0699035	0.0144648
0.075994	0.0674244	0.013571
0.07748	0.0650183	0.0127214
0.078995	0.0599708	0.0120061
0.08054	0.0577884	0.0113785
0.082115	0.0556815	0.0107821
0.08372	0.0536484	0.0102152
0.085357	0.0516849	0.00967632
0.087026	0.0497885	0.00916404
0.088728	0.0479565	0.00867733
0.090462	0.046191	0.00821517
0.092231	0.044485	0.00777594
0.094035	0.0428376	0.00735878
0.095873	0.0412483	0.00696277
0.097748	0.0397142	0.00658665
0.099659	0.038234	0.0062296
0.10161	0.0368035	0.00589056
0.10359	0.0354295	0.00556972
0.10562	0.0340969	0.00526415
0.10768	0.0328157	0.00497523
0.10979	0.0315748	0.00470034
0.11194	0.0303778	0.00443977
0.11413	0.0292246	0.00419294
0.11636	0.0281132	0.00395912
0.11863	0.0270431	0.00373775
0.12095	0.0259184	0.0035285
0.12332	0.0249228	0.00333159
0.12573	0.023965	0.00314529
0.12819	0.0230403	0.00296852
0.13069	0.0221508	0.00280137
0.13325	0.021289	0.00264258
0.13585	0.0204603	0.00249254
0.13851	0.0196589	0.00235009
0.14122	0.0188857	0.00221531
0.14398	0.0181411	0.00208785
0.14679	0.0174229	0.00196728
0.14966	0.0167291	0.00185313
0.15259	0.016059	0.00174503
0.15557	0.0154138	0.00164297
0.15862	0.0147885	0.00154624
0.16172	0.0141868	0.00145497
0.16488	0.0136059	0.00136879
0.1681	0.0130455	0.00128737
0.17139	0.0125029	0.00121036
0.17474	0.0119794	0.0011377
0.17816	0.0114729	0.00106908
0.18164	0.0109842	0.00100438
0.18519	0.0105111	0.000943319
0.18881	0.0100535	0.000885722
0.19251	0.00960943	0.000831329
0.19627	0.00918013	0.000780151
0.20011	0.00876356	0.000731861
0.20402	0.0083593	0.000686411
0.20801	0.00796633	0.000643585
0.21208	0.00758356	0.000603234
0.21622	0.00721109	0.000565303
0.22045	0.00684644	0.000529561
0.22476	0.00648922	0.000495946
0.22915	0.00613844	0.000464346
0.23364	0.00579146	0.000434592
0.2382	0.00544815	0.000406668
0.24286	0.00510503	0.000380401
0.24761	0.00475964	0.000355725
0.25245	0.0044085	0.000332552
0.25739	0.00404651	0.000310792
0.26242	0.00366707	0.000290378
0.26755	0.00325983	0.000271227
0.27278	0.00280887	0.000253258
0.27812	0.00228815	0.00023639
0.28355	0.00165166	0.000220608
0.2891	0.00153478	0.00427159
0.29475	0.00247642	0.0040161
0.30051	0.00295723	0.00377496
0.30639	0.0032445	0.00354743
0.31238	0.00342346	0.00333297
0.31849	0.003533	0.00313069
0.32471	0.00359478	0.00294026
0.33106	0.00362156	0.00276063
0.33754	0.00362216	0.00259134
0.34414	0.00360308	0.00243203
0.35086	0.00356879	0.00228209
0.35773	0.00352206	0.00214064
0.36472	0.00346625	0.0020077
0.37185	0.0033837	0.00188304
0.37912	0.00331575	0.00176583
0.38653	0.00324343	0.00165562
0.39409	0.0031677	0.00155189
0.4018	0.0030895	0.00145431
0.40965	0.00300979	0.00136262
0.41766	0.00292891	0.00127644
0.42583	0.00284743	0.00119542
0.43416	0.00276583	0.00111928
0.44264	0.00268463	0.00104787
0.4513	0.00260381	0.000980695
0.46012	0.00252388	0.000917706
0.46912	0.00244489	0.000858511
0.47829	0.00236713	0.000803025
0.48764	0.0022907	0.000750931
0.49718	0.00221564	0.000702055
0.5069	0.00214218	0.000656215
0.51681	0.00207033	0.000613251
0.52692	0.00200011	0.000572982
0.53722	0.00193166	0.000535218
0.54772	0.00186496	0.00049986
0.55843	0.0018	0.000466727
0.56935	0.00173681	0.000435697
0.58048	0.00167542	0.000406651
0.59183	0.00161579	0.000379439
0.6034	0.00155793	0.000353983
0.6152	0.0015018	0.000330173
0.62723	0.00144741	0.000307892
0.6395	0.00139469	0.000287044
0.652	0.0013437	0.000267558
0.66475	0.00129433	0.000249338
0.67774	0.00124662	0.000232301
0.691	0.00120042	0.000216396
0.70451	0.00115581	0.000201516
0.71828	0.00111271	0.000187632
0.73233	0.00107106	0.000174676
0.74665	0.00103086	0.000162565
0.76124	0.000992085	0.000151266
0.77613	0.000954629	0.000140718
0.7913	0.000918519	0.000130882
0.80678	0.000883664	0.000121703
0.82255	0.000850078	0.000113147
0.83863	0.000817695	0.00010517
0.85503	0.000786468	9.77313e-05
0.87175	0.000756373	9.08006e-05
0.88879	0.000727384	8.4344e-05
0.90617	0.000699438	7.83284e-05
0.92389	0.00067251	7.27255e-05
0.94195	0.000646571	6.75097e-05
0.96037	0.000621566	6.2654e-05
0.97915	0.00059746	5.8135e-05
0.99829	0.00057422	5.39316e-05
1.0178	0.000552073	5.01161e-05
1.0377	0.000530782	4.65723e-05
1.058	0.000510289	4.3274e-05
1.0787	0.000490575	4.02047e-05
1.0998	0.000471619	3.73493e-05
1.1213	0.000453397	3.46933e-05
1.1432	0.000435842	3.22251e-05
1.1656	0.00041895	2.99272e-05
1.1884	0.000402735	2.77927e-05
1.2116	0.000387174	2.58101e-05
1.2353	0.000372184	2.39645e-05
1.2594	0.000357807	2.22516e-05
1.2841	0.000343915	2.06552e-05
1.3092	0.000330605	1.91738e-05
1.3348	0.000317804	1.77973e-05
1.3609	0.000305499	1.65178e-05
1.3875	0.000293676	1.53293e-05
1.4146	0.000282317	1.42253e-05
1.4422	0.00027141	1.32001e-05
1.4704	0.000260903	1.22471e-05
1.4992	0.000250788	1.13608e-05
1.5285	0.000241086	1.05387e-05
1.5584	0.000231752	9.775e-06
1.5889	0.000222776	9.0654e-06
1.6199	0.000214175	8.40769e-06
1.6516	0.000205884	7.7962e-06
1.6839	0.00019792	7.22882e-06
1.7168	0.000190272	6.70215e-06
1.7504	0.00018291	6.21291e-06
1.7846	0.000175844	5.75953e-06
1.8195	0.000169048	5.33826e-06
1.8551	0.000162512	4.94745e-06
1.8914	0.00015623	4.58468e-06
1.9283	0.000150209	4.24869e-06
1.966	0.00014441	3.93664e-06
2.0045	0.000138828	3.64713e-06
2.0437	0.000133469	3.37868e-06
2.0836	0.000128327	3.12973e-06
2.1244	0.00012337	2.8987e-06
2.1659	0.000118616	2.68482e-06
2.2083	0.000114038	2.48614e-06
2.2514	0.00010965	2.30235e-06
2.2955	0.000105417	2.13155e-06
2.3403	0.000101363	1.97367e-06
2.3861	9.74558e-05	1.82705e-06
2.4328	9.36997e-05	1.69116e-06
2.4803	9.00975e-05	1.56533e-06
2.5288	8.66298e-05	1.44865e-06
2.5783	8.32929e-05	1.34057e-06
2.6287	8.00896e-05	1.24049e-06
2.6801	7.70093e-05	1.14776e-06
2.7325	7.40486e-05	1.06186e-06
2.7859	7.12037e-05	9.82327e-07
2.8404	6.84659e-05	9.08645e-07
2.8959	6.58371e-05	8.40446e-07
2.9525	6.33091e-05	7.77281e-07
3.0103	6.0875e-05	7.18817e-07
3.0691	5.85402e-05	6.65001e-07
3.1291	5.62937e-05	6.15148e-07
3.1903	5.4133e-05	5.68977e-07
3.2527	5.20556e-05	5.26238e-07
3.3163	5.0059e-05	4.86682e-07
3.3811	4.81406e-05	4.5008e-07
3.4472	4.62953e-05	4.16188e-07
3.5146	4.45209e-05	3.8482e-07
3.5834	4.28129e-05	3.55776e-07
3.6534	4.1174e-05	3.28927e-07
3.7249	3.95954e-05	3.04058e-07
3.7977	3.80797e-05	2.81065e-07
3.872	3.66208e-05	2.59786e-07
3.9477	3.5219e-05	2.40103e-07
4.0248	3.38725e-05	2.21908e-07
4.1035	3.25762e-05	2.05066e-07
4.1838	3.13288e-05	1.89483e-07
4.2656	3.01304e-05	1.75073e-07
4.349	2.89781e-05	1.61753e-07
4.434	2.78704e-05	1.49438e-07
4.5207	2.68048e-05	1.38044e-07
4.6091	2.578e-05	1.27514e-07
4.6992	2.47949e-05	1.17778e-07
4.7911	2.38472e-05	1.08778e-07
4.8848	2.29359e-05	1.00454e-07
4.9803	2.20597e-05	9.27648e-08
5.0777	2.12169e-05	8.56573e-08
5.1769	2.04073e-05	7.9091e-08
5.2782	1.96275e-05	7.30188e-08
5.3814	1.88777e-05	6.74149e-08
5.4866	1.81572e-05	6.2243e-08
5.5939	1.7464e-05	5.74643e-08
5.7032	1.6798e-05	5.30498e-08
5.8148	1.61565e-05	4.89706e-08
5.9284	1.55405e-05	4.52024e-08
6.0444	1.49472e-05	4.17216e-08
6.1625	1.43774e-05	3.85067e-08
6.283	1.3829e-05	3.55388e-08
6.4059	1.33014e-05	3.27957e-08
6.5311	1.27944e-05	3.02637e-08
6.6588	1.23066e-05	2.79233e-08
6.789	1.18374e-05	2.57641e-08
6.9218	1.1386e-05	2.37699e-08
7.0571	1.09521e-05	2.19289e-08
7.1951	1.05347e-05	2.02298e-08
7.3358	1.01332e-05	1.86602e-08
7.4792	9.74712e-06	1.72116e-08
7.6255	9.37558e-06	1.58753e-08
7.7745	9.01862e-06	1.46416e-08
7.9266	8.67486e-06	1.35024e-08
8.0815	8.34459e-06	1.24518e-08
8.2396	8.02659e-06	1.14816e-08
8.4007	7.7209e-06	1.05866e-08
8.5649	7.42697e-06	9.76082e-09
8.7324	7.14409e-06	8.99887e-09
8.9031	6.87212e-06	8.29606e-09
9.0772	6.61043e-06	7.64937e-09
9.2547	6.35874e-06	7.05286e-09
9.4356	6.11673e-06	6.50274e-09
9.6201	5.88388e-06	5.99511e-09
9.8082	5.65991e-06	5.52693e-09
10	5.44446e-06	5.09516e-09
10.196	5.23676e-06	4.69643e-09
10.395	5.03781e-06	4.32942e-09
10.598	4.84632e-06	3.9909e-09
10.805	4.66209e-06	3.67865e-09
11.017	4.4841e-06	3.39002e-09
11.232	4.3138e-06	3.12466e-09
11.452	4.14939e-06	2.87952e-09
11.676	3.99147e-06	2.65365e-09
11.904	3.83981e-06	2.44553e-09
12.137	3.69359e-06	2.25343e-09
12.374	3.55326e-06	2.07656e-09
12.616	3.41807e-06	1.91333e-09
12.862	3.28841e-06	1.7631e-09
13.114	3.16309e-06	1.62427e-09
13.37	3.04297e-06	1.49655e-09
13.632	2.92699e-06	1.37861e-09
13.898	2.81589e-06	1.27012e-09
14.17	2.70871e-06	1.16996e-09
14.447	2.60573e-06	1.07771e-09
14.73	2.50646e-06	9.92619e-10
15.018	2.41116e-06	9.14276e-10
15.311	2.31967e-06	8.42184e-10
15.611	2.23129e-06	7.75566e-10
15.916	2.14651e-06	7.14308e-10
16.227	2.06495e-06	6.57818e-10
16.544	1.98651e-06	6.05817e-10
16.868	1.91087e-06	5.57813e-10
17.198	1.83818e-06	5.13647e-10
17.534	1.76836e-06	4.72969e-10
17.877	1.7011e-06	4.35469e-10
18.226	1.63653e-06	4.00958e-10
18.583	1.57421e-06	3.69126e-10
18.946	1.51443e-06	3.39827e-10
19.316	1.45693e-06	3.12855e-10
19.694	1.40151e-06	2.88001e-10
20.079	1.34824e-06	2.65112e-10
20.472	1.29695e-06	2.4401e-10
20.872	1.24768e-06	2.24602e-10
21.28	1.20027e-06	2.06733e-10
21.696	1.15466e-06	1.90263e-10
22.12	1.1108e-06	1.75106e-10
22.553	1.06854e-06	1.6114e-10
22.994	1.02792e-06	1.48288e-10
23.443	9.88907e-07	1.36463e-10
23.902	9.51274e-07	1.25564e-10
24.369	9.15148e-07	1.15539e-10
24.846	8.80333e-07	1.06301e-10
25.331	8.46931e-07	9.78093e-11
25.827	8.14701e-07	8.99828e-11
26.332	7.83741e-07	8.27819e-11
26.847	7.5395e-07	7.61659e-11
27.372	7.25295e-07	7.01064e-11
27.907	6.97744e-07	6.45289e-11
28.452	6.71261e-07	5.93954e-11
29.009	6.45722e-07	5.46644e-11
29.576	6.21194e-07	5.03129e-11
30.154	5.97601e-07	4.6306e-11
30.744	5.74878e-07	4.2616e-11
31.345	5.53038e-07	3.92203e-11
31.958	5.3202e-07	3.60941e-11
32.583	5.11801e-07	3.32162e-11
33.22	4.92356e-07	3.05668e-11
33.869	4.73664e-07	2.81299e-11
34.531	4.55672e-07	2.5886e-11
35.207	4.38338e-07	2.38187e-11
35.895	4.21692e-07	2.19183e-11
36.597	4.05667e-07	2.0168e-11
37.312	3.90265e-07	1.8558e-11
38.042	3.75428e-07	1.70754e-11
38.786	3.61161e-07	1.57108e-11
39.544	3.47445e-07	1.44552e-11
40.317	3.34247e-07	1.33e-11
41.106	3.21537e-07	1.22364e-11
41.909	3.09332e-07	1.12579e-11
42.729	2.97571e-07	1.03572e-11
43.564	2.86272e-07	9.52877e-12
44.416	2.75393e-07	8.76594e-12
45.284	2.64935e-07	8.06434e-12
46.17	2.54863e-07	7.41835e-12
47.073	2.45177e-07	6.82421e-12
47.993	2.35867e-07	6.27767e-12
48.931	2.26909e-07	5.77488e-12
49.888	2.18286e-07	5.31165e-12
50.863	2.09997e-07	4.88592e-12
51.858	2.02015e-07	4.49412e-12
52.872	1.9434e-07	4.13387e-12
53.906	1.86955e-07	3.80196e-12
54.96	1.79852e-07	3.49713e-12
56.034	1.73023e-07	3.21639e-12
57.13	1.66448e-07	2.9582e-12
58.247	1.60124e-07	2.72063e-12
59.386	1.54041e-07	2.50205e-12
60.547	1.48189e-07	2.30106e-12
61.731	1.42559e-07	2.11612e-12
62.938	1.37143e-07	1.94605e-12
64.168	1.31935e-07	1.78961e-12
65.423	1.26922e-07	1.64569e-12
66.702	1.22101e-07	1.51332e-12
68.006	1.17463e-07	1.39158e-12
69.336	1.12999e-07	1.27959e-12
70.692	1.08706e-07	1.17658e-12
72.074	1.04576e-07	1.08186e-12
73.483	1.00604e-07	9.94745e-13
74.92	9.67818e-08	9.14615e-13
76.385	9.31049e-08	8.40908e-13
77.878	8.95691e-08	7.73152e-13
79.401	8.61658e-08	7.10838e-13
80.954	8.28914e-08	6.53811e-13
82.537	7.97421e-08	6.0156e-13
84.15	7.67143e-08	5.53486e-13
85.796	7.37989e-08	5.09248e-13
87.473	7.09962e-08	4.68557e-13
89.183	6.82996e-08	4.31119e-13
90.927	6.57046e-08	3.96677e-13
92.705	6.32084e-08	3.64978e-13
94.518	6.08067e-08	3.35823e-13
96.366	5.84968e-08	3.08994e-13
98.25	5.62748e-08	2.8431e-13
100.17	5.41382e-08	2.61611e-13
102.13	5.20801e-08	2.40708e-13
104.13	5.00986e-08	2.2147e-13
106.16	4.82009e-08	2.03807e-13
108.24	4.63662e-08	1.87523e-13
110.35	4.46099e-08	1.72567e-13
112.51	4.29135e-08	1.58778e-13
114.71	4.12832e-08	1.46105e-13
116.96	3.971e-08	1.34427e-13
119.24	3.82059e-08	1.23711e-13
121.57	3.67554e-08	1.13836e-13
123.95	3.53574e-08	1.04744e-13
126.37	3.40162e-08	9.63922e-14
128.84	3.27244e-08	8.87e-14
131.36	3.14809e-08	8.16187e-14
133.93	3.02843e-08	7.51033e-14
136.55	2.91332e-08	6.91113e-14
139.22	2.80265e-08	6.35982e-14
141.94	2.69626e-08	5.85274e-14
144.72	2.59367e-08	5.3853e-14
147.55	2.49513e-08	4.95565e-14
150.43	2.4005e-08	4.5608e-14
153.37	2.30935e-08	4.19704e-14
156.37	2.22159e-08	3.86235e-14
159.43	2.13713e-08	3.55411e-14
162.55	2.05587e-08	3.27057e-14
165.73	1.97773e-08	3.00972e-14
168.97	1.90261e-08	2.76976e-14
172.27	1.83042e-08	2.54907e-14
175.64	1.76085e-08	2.3458e-14
179.07	1.69404e-08	2.1589e-14
182.57	1.62971e-08	1.98682e-14
186.14	1.5678e-08	1.82846e-14
189.78	1.50823e-08	1.68272e-14
193.49	1.45095e-08	1.54861e-14
197.28	1.39573e-08	1.42511e-14
201.13	1.34281e-08	1.31166e-14
205.07	1.29171e-08	1.20704e-14
209.08	1.24263e-08	1.11086e-14
213.17	1.19541e-08	1.02235e-14
217.33	1.15008e-08	9.40976e-15
221.58	1.10639e-08	8.6601e-15
225.91	1.06438e-08	7.97037e-15
230.33	1.02392e-08	7.33537e-15
234.84	9.8497e-09	6.75089e-15
239.43	9.47567e-09	6.21333e-15
244.11	9.11582e-09	5.71855e-15
248.88	8.76974e-09	5.26328e-15
253.75	8.43635e-09	4.84405e-15
258.71	8.11597e-09	4.45848e-15
263.77	7.80757e-09	4.10344e-15
268.93	7.51083e-09	3.77668e-15
274.18	7.22595e-09	3.47634e-15
279.54	6.9515e-09	3.19955e-15
285.01	6.68723e-09	2.9448e-15
290.58	6.43331e-09	2.7105e-15
296.26	6.18899e-09	2.49488e-15
302.06	5.9536e-09	2.29617e-15
307.96	5.72766e-09	2.11354e-15
313.98	5.51013e-09	1.94544e-15
320.12	5.30079e-09	1.79067e-15
326.38	5.0994e-09	1.64816e-15
332.76	4.90573e-09	1.51702e-15
339.27	4.71927e-09	1.39634e-15
345.9	4.54009e-09	1.28535e-15
352.67	4.36746e-09	1.18303e-15
359.56	4.20168e-09	1.08901e-15
366.59	4.04207e-09	1.00236e-15
373.76	3.88848e-09	9.22652e-16
381.07	3.74073e-09	8.49301e-16
388.52	3.59864e-09	7.81764e-16
396.12	3.46188e-09	7.19616e-16
403.86	3.33046e-09	6.62425e-16
411.76	3.20388e-09	6.09741e-16
419.81	3.08219e-09	5.61299e-16
428.02	2.96508e-09	5.16689e-16
436.39	2.85243e-09	4.75611e-16
444.92	2.74411e-09	4.37807e-16
453.62	2.63986e-09	4.03016e-16
462.49	2.53957e-09	3.70993e-16
471.53	2.44313e-09	3.4152e-16
480.75	2.35032e-09	3.14385e-16
490.15	2.26103e-09	2.89407e-16
499.73	2.17517e-09	2.6642e-16
509.5	2.09255e-09	2.45259e-16
519.47	2.013e-09	2.25769e-16
529.62	1.93658e-09	2.07845e-16
539.98	1.86299e-09	1.91333e-16
550.54	1.7922e-09	1.76139e-16
561.3	1.72415e-09	1.62153e-16
572.28	1.65862e-09	1.49276e-16
583.47	1.59561e-09	1.37423e-16
594.87	1.53504e-09	1.26517e-16
606.51	1.47669e-09	1.16468e-16
618.36	1.42063e-09	1.07227e-16
630.45	1.36667e-09	9.87154e-17
642.78	1.31474e-09	9.08788e-17
655.35	1.26479e-09	8.36662e-17
668.16	1.21676e-09	7.7026e-17
681.23	1.17052e-09	7.09139e-17
694.55	1.12605e-09	6.52857e-17
