330.509814892
332.67464544
334.848853946
337.03248103
339.225567487
341.428154291
343.64028259
345.861993715
348.09332917
350.334330644
352.585040004
354.845499297
357.115750756
359.395836792
361.685800003
363.985683171
366.295529262
368.615381429
370.945283012
373.285277537
375.63540872
377.995720465
380.366256869
382.747062216
385.138180984
387.539657843
389.951537657
392.373865483
394.806686573
397.250046377
399.703990539
402.168564903
404.64381551
407.1297886
409.626530614
412.134088195
414.652508185
417.181837632
419.722123785
422.2734141
424.835756236
427.409198059
429.993787644
432.589573271
435.196603432
437.814926827
440.444592367
443.085649175
445.738146588
448.402134153
451.077661635
453.764779013
456.463536482
459.173984454
461.89617356
464.630154651
467.375978796
470.133697285
472.903361633
475.685023574
478.478735069
481.284548302
484.102515684
486.932689851
489.77512367
492.629870234
495.496982866
498.376515121
501.268520785
504.173053877
507.090168649
510.019919589
512.96236142
515.917549102
518.885537833
521.866383049
524.860140427
527.866865884
530.886615579
533.919445916
536.96541354
540.024575342
543.096988461
546.182710281
549.281798435
552.394310806
555.520305527
558.659840982
561.812975807
564.979768894
568.160279389
571.354566692
574.562690461
577.784710614
581.020687325
584.270681031
587.534752428
590.812962478
594.105372403
597.412043691
