376.953314025
379.486822804
382.032432041
384.59019952
387.160183299
389.742441715
392.337033382
394.944017194
397.563452325
400.195398234
402.839914661
405.497061632
408.166899461
410.849488747
413.544890381
416.253165542
418.974375702
421.708582627
424.455848377
427.216235309
429.989806075
432.776623629
435.576751224
438.390252415
441.217191059
444.05763132
446.911637667
449.779274875
452.660608032
455.555702531
458.464624082
461.387438707
464.324212741
467.275012838
470.239905968
473.218959422
476.212240812
479.219818072
482.241759458
485.278133556
488.329009276
491.394455857
494.47454287
497.569340215
500.678918129
503.80334718
506.942698276
510.097042662
513.266451922
516.450997983
519.650753113
522.865789927
526.096181385
529.342000794
532.603321813
535.880218451
539.172765069
542.481036385
545.805107471
549.145053758
552.500951037
555.87287546
559.260903543
562.665112164
566.085578572
569.52238038
572.975595575
576.445302512
579.931579923
583.434506914
586.954162967
590.490627944
594.043982089
597.614306026
601.201680766
604.806187704
608.427908624
612.066925701
615.723321499
619.397178978
623.088581493
626.797612795
630.524357036
634.268898768
638.031322946
641.81171493
645.610160488
649.426745796
653.26155744
657.114682418
660.986208146
664.876222454
668.78481359
672.712070224
676.658081449
680.62293678
684.606726162
688.609539966
692.631468994
696.672604481
