389.422446324
391.109444084
392.803749739
394.505394943
396.214411487
397.9308313
399.654686446
401.386009133
403.124831704
404.871186645
406.625106581
408.386624279
410.155772647
411.932584737
413.717093744
415.509333004
417.309336001
419.117136362
420.932767859
422.756264412
424.587660087
426.426989097
428.274285804
430.129584718
431.9929205
433.864327958
435.743842054
437.631497899
439.527330758
441.431376047
443.343669336
445.264246349
447.193142965
449.130395217
451.076039296
453.030111548
454.992648478
456.963686747
458.943263176
460.931414745
462.928178595
464.933592026
466.947692502
468.970517646
471.002105247
473.042493256
475.091719787
477.149823123
479.216841708
481.292814155
483.377779245
485.471775924
487.57484331
489.687020688
491.808347513
493.938863411
496.078608182
498.227621795
500.385944393
502.553616293
504.730677988
506.917170143
509.113133602
511.318609384
513.533638687
515.758262886
517.992523536
520.236462371
522.490121307
524.753542439
527.026768048
529.309840594
531.602802723
533.905697265
536.218567236
538.541455837
540.874406458
543.217462675
545.570668252
547.934067144
550.307703497
552.691621645
555.085866117
557.490481633
559.905513107
562.331005646
564.767004556
567.213555334
569.670703679
572.138495483
574.616976841
577.106194044
579.606193584
582.117022157
584.638726657
587.171354185
589.714952041
592.269567735
594.835248978
597.412043691
