420.644090332
422.957046121
425.27868902
427.609051655
429.948166772
432.296067238
434.652786048
437.018356316
439.392811284
441.776184317
444.168508905
446.569818665
448.980147339
451.399528797
453.827997034
456.265586175
458.712330471
461.168264304
463.633422183
466.107838746
468.591548763
471.084587134
473.586988889
476.098789191
478.620023334
481.150726743
483.69093498
486.240683736
488.800008839
491.368946251
493.947532067
496.53580252
499.133793978
501.741542944
504.359086062
506.986460108
509.623702001
512.270848796
514.927937688
517.595006011
520.272091239
522.959230986
525.656463011
528.363825209
531.081355622
533.809092432
536.547073965
539.295338691
542.053925225
544.822872326
547.602218898
550.392003992
553.192266806
556.003046684
558.824383118
561.656315748
564.498884363
567.352128902
570.216089452
573.090806252
575.976319692
578.872670313
581.779898808
584.698046023
587.627152958
590.567260765
593.518410752
596.480644382
599.454003272
602.438529197
605.434264088
608.441250034
611.45952928
614.489144231
617.530137451
620.582551664
623.646429754
626.721814765
629.808749904
632.907278539
636.017444201
639.139290585
642.272861549
645.418201115
648.575353473
651.744362976
654.925274144
658.118131664
661.322980392
664.53986535
667.768831731
671.009924897
674.263190378
677.528673879
680.806421272
684.096478605
687.398892095
690.713708136
694.040973293
697.380734309
