402.53628288
404.146207583
405.762570908
407.385398601
409.014716514
410.6505506
412.292926917
413.941871628
415.597410998
417.2595714
418.928379311
420.603861313
422.286044096
423.974954455
425.670619294
427.373065623
429.082320561
430.798411334
432.521365278
434.251209839
435.987972571
437.731681139
439.482363319
441.240046996
443.00476017
444.77653095
446.555387558
448.34135833
450.134471713
451.934756271
453.742240679
455.556953729
457.378924326
459.208181492
461.044754364
462.888672197
464.739964362
466.598660347
468.464789758
470.33838232
472.219467876
474.10807639
476.004237943
477.907982739
479.819341101
481.738343473
483.665020423
485.599402638
487.54152093
489.491406233
491.449089605
493.414602229
495.387975411
497.369240584
499.358429304
501.355573256
503.36070425
505.373854223
507.395055241
509.424339497
511.461739313
513.50728714
515.561015559
517.622957281
519.693145149
521.771612134
523.858391343
525.953516012
528.057019511
530.168935345
532.289297149
534.418138696
536.555493893
538.701396782
540.855881541
543.018982486
545.190734067
547.371170876
549.560327639
551.758239225
553.964940638
556.180467025
558.404853672
560.638136007
562.880349599
565.13153016
567.391713542
569.660935744
571.939232906
574.226641314
576.523197398
578.828937735
581.143899047
583.468118202
585.801632218
588.144478258
590.496693634
592.85831581
595.229382397
597.609931156
