430.998676949
433.252728306
435.514734127
437.784722479
440.06272153
442.348759546
444.642864894
446.945066039
449.255391548
451.573870089
453.90053043
456.235401441
458.578512094
460.929891463
463.289568725
465.657573159
468.033934147
470.418681177
472.811843839
475.213451827
477.623534941
480.042123086
482.469246271
484.904934613
487.349218334
489.802127762
492.263693334
494.733945591
497.212915186
499.700632877
502.197129531
504.702436124
507.216583743
509.739603582
512.271526946
514.812385251
517.362210024
519.921032901
522.488885632
525.065800078
527.651808212
530.246942121
532.851234004
535.464716174
538.087421058
540.719381197
543.360629247
546.011197979
548.67112028
551.340429153
554.019157717
556.707339207
559.405006977
562.112194498
564.828935358
567.555263264
570.291212043
573.03681564
575.79210812
578.557123668
581.331896589
584.116461312
586.910852383
589.715104472
592.529252372
595.353330998
598.187375388
601.031420702
603.885502228
606.749655373
609.623915674
612.508318791
615.402900509
618.30769674
621.222743523
624.148077024
627.083733535
630.029749479
632.986161404
635.95300599
638.930320043
641.918140502
644.916504434
647.925449038
650.945011643
653.975229712
657.016140836
660.067782743
663.13019329
666.20341047
669.287472411
672.382417371
675.488283747
678.605110071
681.732935008
684.871797362
688.021736073
691.182790217
694.354999011
697.538401807
