274.331226486
276.999204598
279.677853096
282.36721465
285.067332103
287.778248467
290.500006926
293.232650838
295.976223734
298.730769318
301.496331469
304.272954243
307.06068187
309.859558757
312.66962949
315.490938832
318.323531725
321.167453291
324.022748832
326.889463831
329.767643953
332.657335045
335.558583139
338.471434449
341.395935374
344.3321325
347.280072596
350.239802622
353.211369722
356.194821231
359.190204672
362.197567758
365.216958392
368.24842467
371.292014879
374.3477775
377.415761206
380.496014867
383.588587546
386.693528502
389.810887194
392.940713274
396.083056597
399.237967213
402.405495376
405.585691538
408.778606352
411.984290677
415.202795572
418.434172302
421.678472334
424.935747344
428.206049213
431.489430028
434.785942087
438.095637894
441.418570165
444.754791826
448.104356014
451.467316077
454.84372558
458.233638297
461.637108222
465.054189561
468.484936738
471.929404393
475.387647387
478.859720798
482.345679924
485.845580285
489.359477623
492.887427901
496.429487307
499.985712252
503.556159375
507.140885538
510.739947833
514.353403577
517.98131032
521.623725837
525.280708138
528.952315463
532.638606283
536.339639306
540.055473472
543.786167956
547.531782172
551.292375769
555.068008634
558.858740896
562.66463292
566.485745316
570.322138933
574.173874865
578.041014449
581.923619267
585.821751148
589.735472167
593.664844645
597.609931156
