361.815349419
363.814869628
365.821388752
367.834931289
369.85552182
371.883185014
373.917945624
375.959828493
378.008858547
380.065060803
382.128460362
384.199082416
386.276952243
388.36209521
390.454536773
392.554302477
394.661417957
396.775908936
398.897801228
401.027120738
403.163893461
405.308145483
407.459902981
409.619192224
411.786039572
413.960471479
416.14251449
418.332195243
420.52954047
422.734576996
424.947331741
427.167831716
429.39610403
431.632175886
433.87607458
436.127827507
438.387462155
440.655006109
442.930487051
445.21393276
447.505371111
449.804830077
452.112337731
454.42792224
456.751611873
459.083434997
461.423420077
463.77159568
466.127990471
468.492633215
470.865552779
473.246778131
475.63633834
478.034262575
480.440580109
482.855320317
485.278512678
487.710186771
490.150372281
492.599098997
495.05639681
497.522295718
499.996825822
502.480017329
504.971900553
507.472505912
509.981863931
512.500005243
515.026960587
517.562760809
520.107436864
522.661019815
525.223540834
527.795031202
530.375522307
532.965045651
535.563632843
538.171315604
540.788125765
543.41409527
546.049256173
548.69364064
551.347280951
554.010209498
556.682458787
559.364061437
562.055050181
564.755457867
567.465317458
570.184662031
572.91352478
575.651939015
578.399938162
581.157555764
583.924825482
586.701781095
589.488456498
592.284885706
595.091102853
597.907142193
