310.989162302
314.045368234
317.116171416
320.201641557
323.301848697
326.416863209
329.546755805
332.69159753
335.851459773
339.026414259
342.216533058
345.421888583
348.642553594
351.878601195
355.130104841
358.397138338
361.679775842
364.978091865
368.292161273
371.62205929
374.967861498
378.32964384
381.707482622
385.101454513
388.511636548
391.93810613
395.380941031
398.840219393
402.316019733
405.808420939
409.317502279
412.843343398
416.386024319
419.945625448
423.522227576
427.115911877
430.726759913
434.354853636
438.000275387
441.6631079
445.343434306
449.04133813
452.756903295
456.490214126
460.24135535
464.010412096
467.797469901
471.602614709
475.425932874
479.267511162
483.127436752
487.00579724
490.902680638
494.818175379
498.752370316
502.705354728
506.677218317
510.668051215
514.677943983
518.706987612
522.755273529
526.822893596
530.909940112
535.016505819
539.142683896
543.288567972
547.454252117
551.639830853
555.84539915
560.071052434
564.316886581
568.582997929
572.869483271
577.176439864
581.503965428
585.852158146
590.221116673
594.61094013
599.021728115
603.453580696
607.906598421
612.380882315
616.876533885
621.393655123
625.932348504
630.492716994
635.074864047
639.678893613
644.304910135
648.953018553
653.623324308
658.315933343
663.030952105
667.76848755
672.52864714
677.311538853
682.117271176
686.945953118
691.797694204
696.672604481
