249.795456423
252.552204172
255.322039869
258.105025643
260.901223915
263.710697406
266.533509131
269.369722406
272.219400846
275.082608369
277.959409196
280.849867851
283.754049166
286.672018281
289.603840643
292.54958201
295.509308453
298.483086356
301.470982417
304.473063651
307.489397392
310.520051291
313.565093321
316.624591779
319.698615283
322.787232779
325.890513538
329.008527161
332.141343579
335.289033053
338.45166618
341.62931389
344.822047449
348.029938462
351.253058874
354.491480969
357.745277376
361.014521069
364.299285364
367.59964393
370.915670781
374.247440284
377.595027159
380.95850648
384.337953675
387.733444533
391.1450552
394.572862184
398.016942355
401.477372948
404.954231564
408.447596173
411.957545113
415.484157094
419.027511199
422.587686888
426.164763994
429.758822731
433.369943692
436.998207855
440.643696577
444.306491604
447.986675069
451.684329495
455.399537794
459.132383272
462.882949631
466.651320968
470.43758178
474.241816964
478.06411182
481.90455205
485.763223764
489.640213481
493.535608127
497.449495044
501.381961984
505.333097118
509.302989032
513.291726734
517.299399652
521.32609764
525.371910976
529.436930365
533.521246944
537.624952281
541.748138376
545.890897669
550.053323033
554.235507784
558.437545681
562.659530923
566.90155816
571.163722487
575.446119451
579.748845052
584.071995742
588.415668434
592.779960496
597.16496976
