342.707142754
344.810827475
346.922925632
349.04347087
351.172496968
353.31003784
355.456127537
357.610800245
359.774090288
361.946032124
364.126660353
366.31600971
368.514115071
370.721011449
372.936734
375.161318018
377.39479894
379.637212342
381.888593946
384.148979613
386.41840535
388.696907306
390.984521777
393.281285201
395.587234164
397.902405397
400.226835778
402.560562334
404.903622237
407.25605281
409.617891524
411.989176001
414.369944012
416.760233479
419.160082476
421.56952923
423.98861212
426.417369678
428.855840591
431.304063699
433.762077999
436.229922643
438.707636939
441.195260354
443.692832511
446.200393191
448.717982335
451.245640044
453.783406578
456.33132236
458.889427971
461.457764158
464.036371828
466.625292054
469.22456607
471.834235278
474.454341243
477.084925697
479.72603054
482.377697838
485.039969824
487.712888903
490.396497647
493.090838798
495.79595527
498.511890149
501.23868669
503.976388326
506.725038658
509.484681465
512.2553607
515.03712049
517.830005141
520.634059135
523.44932713
526.275853965
529.113684657
531.962864403
534.82343858
537.695452746
540.578952644
543.473984197
546.380593511
549.298826877
552.228730773
555.17035186
558.123736987
561.088933188
564.065987688
567.054947899
570.055861421
573.068776048
576.09373976
579.130800734
582.180007335
585.241408123
588.315051853
591.400987472
594.499264127
597.609931156
