326.956640586
329.953227088
332.962880765
335.985658592
339.021617788
342.070815824
345.133310421
348.20915955
351.298421438
354.40115456
357.517417652
360.647269702
363.790769956
366.947977918
370.118953352
373.303756281
376.502446991
379.715086029
382.941734208
386.182452603
389.437302557
392.706345681
395.989643853
399.287259219
402.5992542
405.925691484
409.266634037
412.622145095
415.992288172
419.377127058
422.77672582
426.191148805
429.62046064
433.064726235
436.524010779
439.998379749
443.487898904
446.992634292
450.512652247
454.048019393
457.598802642
461.1650692
464.746886564
468.344322526
471.957445173
475.586322888
479.231024352
482.891618545
486.568174748
490.260762543
493.969451815
497.694312754
501.435415855
505.19283192
508.96663206
512.756887695
516.563670555
520.387052684
524.227106439
528.083904492
531.957519832
535.848025764
539.755495915
543.680004229
547.621624975
551.580432744
555.556502451
559.54990934
563.560728978
567.589037265
571.63491043
575.698425033
579.779657968
583.878686463
587.995588084
592.130440733
596.283322651
600.45431242
604.643488965
608.850931552
613.076719794
617.320933651
621.583653428
625.864959782
630.164933721
634.483656605
638.821210147
643.177676417
647.553137841
651.947677205
656.361377654
660.794322696
665.246596201
669.718282404
674.209465907
678.720231681
683.250665064
687.800851769
692.370877878
696.960829851
