351.486665405
354.377631143
357.279455041
360.192177876
363.115840577
366.050484228
368.996150068
371.952879489
374.92071404
377.899695423
380.889865501
383.89126629
386.903939966
389.927928862
392.963275472
396.010022447
399.068212599
402.137888901
405.219094488
408.311872655
411.416266861
414.532320728
417.660078039
420.799582746
423.950878963
427.11401097
430.289023213
433.475960305
436.674867027
439.885788328
443.108769324
446.343855302
449.591091718
452.8505242
456.122198547
459.406160727
462.702456885
466.011133334
469.332236566
472.665813245
476.011910209
479.370574473
482.741853229
486.125793845
489.522443867
492.93185102
496.354063208
499.789128513
503.2370952
506.698011713
510.171926679
513.658888908
517.158947391
520.672151304
524.198550008
527.738193049
531.291130157
534.857411253
538.43708644
542.030206012
545.636820452
549.25698043
552.890736809
556.538140641
560.19924317
563.874095832
567.562750256
571.265258265
574.981671876
578.712043301
582.456424949
586.214869425
589.98742953
593.774158265
597.575108828
601.390334619
605.219889235
609.063826478
612.922200348
616.795065049
620.68247499
624.584484782
628.501149241
632.432523388
636.378662454
640.339621872
644.315457286
648.306224549
652.311979722
656.332779077
660.368679096
664.419736474
668.486008118
672.567551149
676.664422902
680.776680927
684.904382989
689.04758707
693.206351371
697.380734309
