460.871398704
462.801721864
464.740129605
466.686655782
468.641334392
470.604199572
472.575285605
474.554626914
476.542258069
478.538213784
480.542528918
482.555238474
484.576377606
486.60598161
488.644085934
490.690726172
492.745938067
494.809757513
496.882220552
498.96336338
501.053222341
503.151833933
505.259234808
507.375461768
509.500551772
511.634541932
513.777469517
515.929371949
518.09028681
520.260251838
522.439304927
524.627484132
526.824827668
529.031373906
531.247161382
533.47222879
535.706614987
537.950358994
540.203499993
542.466077332
544.738130521
547.019699239
549.310823328
551.611542798
553.921897826
556.241928757
558.571676105
560.911180555
563.260482959
565.619624344
567.988645904
570.367589009
572.756495201
575.155406196
577.564363883
579.983410329
582.412587774
584.851938638
587.301505515
589.76133118
592.231458586
594.711930865
597.202791331
599.704083477
602.21585098
604.738137698
607.270987675
609.814445136
612.368554494
614.933360346
617.508907477
620.095240856
622.692405645
625.300447191
627.919411033
630.549342899
633.19028871
635.842294576
638.505406804
641.179671891
643.865136531
646.561847612
649.269852219
651.989197633
654.719931334
657.462100998
660.215754504
662.980939929
665.757705552
668.546099852
671.346171514
674.157969424
676.981542674
679.816940559
682.664212583
685.523408457
688.394578096
691.277771629
694.173039391
697.080431929
