394.195960996
396.647998384
399.110728156
401.584196932
404.068451531
406.563538979
409.069506506
411.586401549
414.114271748
416.653164955
419.203129229
421.764212836
424.336464257
426.919932179
429.514665505
432.12071335
434.738125042
437.366950126
440.00723836
442.659039722
445.322404404
447.997382821
450.684025605
453.382383608
456.092507906
458.814449795
461.548260796
464.293992655
467.051697341
469.821427052
472.603234212
475.397171474
478.20329172
481.021648062
483.852293844
486.695282643
489.550668268
492.418504763
495.298846408
498.191747719
501.097263448
504.015448589
506.946358372
509.890048269
512.846573995
515.815991505
518.798357
521.793726924
524.802157969
527.823707071
530.858431417
533.906388441
536.967635829
540.042231516
543.130233691
546.231700796
549.346691527
552.475264837
555.617479933
558.773396284
561.943073614
565.12657191
568.323951418
571.535272648
574.760596373
577.99998363
581.253495723
584.521194221
587.803140964
591.099398059
594.410027885
597.73509309
601.074656598
604.428781605
607.797531584
611.180970281
614.579161723
617.992170214
621.420060338
624.862896962
628.320745233
631.793670583
635.281738728
638.785015671
642.303567703
645.837461401
649.386763634
652.951541561
656.531862635
660.127794601
663.7394055
667.366763667
671.009937738
674.668996645
678.34400962
682.035046199
685.742176218
689.465469817
693.204997444
696.960829851
