340.251715165
343.193106523
346.146346093
349.111481591
352.08856093
355.077632213
358.078743738
361.091943996
364.117281676
367.15480566
370.204565028
373.266609058
376.340987225
379.427749204
382.52694487
385.638624299
388.762837767
391.899635755
395.049068944
398.211188222
401.38604468
404.573689614
407.774174529
410.987551134
414.21387135
417.453187303
420.705551332
423.971015984
427.249634019
430.541458409
433.846542339
437.164939209
440.496702632
443.841886439
447.200544675
450.572731605
453.958501711
457.357909694
460.771010476
464.1978592
467.63851123
471.093022153
474.56144778
478.043844146
481.540267514
485.050774369
488.575421426
492.114265629
495.667364149
499.234774388
502.816553978
506.412760785
510.023452905
513.648688671
517.288526648
520.943025637
524.612244677
528.296243043
531.995080249
535.708816048
539.437510435
543.181223644
546.940016153
550.713948683
554.503082198
558.307477909
562.127197272
565.962301991
569.812854017
573.678915552
577.560549046
581.457817203
585.370782975
589.299509572
593.244060455
597.204499341
601.180890204
605.173297275
609.181785041
613.206418253
617.247261918
621.304381306
625.377841951
629.467709648
633.574050459
637.69693071
641.836416993
645.992576169
650.16547537
654.355181993
658.56176371
662.785288463
667.025824468
671.283440216
675.558204472
679.850186278
684.159454954
688.486080097
692.830131586
697.19167958
