361.10199142
363.94713506
366.802319207
369.667579292
372.542950868
375.428469615
378.324171339
381.23009197
384.146267567
387.072734315
390.009528529
392.956686648
395.914245242
398.882241011
401.860710781
404.849691512
407.849220292
410.859334339
413.880071003
416.911467768
419.953562247
423.006392188
426.06999547
429.144410106
432.229674245
435.325826169
438.432904295
441.550947176
444.6799935
447.820082093
450.971251916
454.133542069
457.306991789
460.491640452
463.687527572
466.894692803
470.113175939
473.343016913
476.584255801
479.836932818
483.101088323
486.376762816
489.663996939
492.962831479
496.273307366
499.595465675
502.929347625
506.27499458
509.632448051
513.001749695
516.382941315
519.776064863
523.181162438
526.598276286
530.027448805
533.46872254
536.922140188
540.387744594
543.865578756
547.355685823
550.858109096
554.372892029
557.90007823
561.439711458
564.991835629
568.556494813
572.133733235
575.723595276
579.326125473
582.941368522
586.569369274
590.21017274
593.863824088
597.530368647
601.209851905
604.902319509
608.60781727
612.326391157
616.058087304
619.802952005
623.56103172
627.33237307
631.117022843
634.915027989
638.726435625
642.551293035
646.389647669
650.241547143
654.107039242
657.986171919
661.878993296
665.785551666
669.70589549
673.640073402
677.588134204
681.550126874
685.526100561
689.516104586
693.520188444
697.538401807
