263.181373362
265.892294047
268.614958497
271.34941758
274.095722384
276.853924219
279.624074616
282.406225331
285.200428342
288.006735852
290.825200292
293.655874319
296.498810817
299.354062901
302.221683912
305.101727428
307.994247252
310.899297426
313.816932222
316.747206148
319.69017395
322.645890607
325.614411338
328.595791603
331.590087099
334.597353766
337.617647784
340.651025579
343.697543819
346.757259418
349.830229537
352.916511584
356.016163214
359.129242333
362.255807099
365.395915918
368.549627452
371.717000616
374.89809458
378.092968768
381.301682865
384.524296811
387.760870808
391.011465316
394.276141058
397.55495902
400.847980451
404.155266867
407.476880047
410.81288204
414.163335162
417.528302001
420.907845412
424.302028525
427.710914742
431.134567739
434.573051469
438.026430161
441.494768321
444.978130735
448.476582468
451.99018887
455.519015569
459.06312848
462.622593802
466.197478022
469.787847913
473.393770536
477.015313246
480.652543684
484.305529788
487.974339788
491.65904221
495.359705875
499.076399902
502.809193712
506.558157021
510.323359851
514.104872526
517.902765671
521.717110221
525.547977415
529.3954388
533.259566235
537.140431887
541.038108236
544.952668077
548.884184516
552.83273098
556.798381209
560.781209266
564.781289531
568.798696707
572.83350582
576.885792222
580.955631587
585.043099919
589.14827355
593.271229143
597.412043691
