291.824513163
294.416799924
297.018160538
299.628626763
302.248230469
304.877003637
307.514978361
310.162186848
312.818661414
315.484434491
318.159538625
320.844006474
323.537870811
326.241164523
328.953920615
331.676172202
334.407952521
337.14929492
339.900232867
342.660799947
345.43102986
348.210956426
351.000613583
353.800035388
356.609256015
359.428309761
362.257231041
365.096054389
367.944814463
370.80354604
373.67228402
376.551063424
379.439919395
382.338887201
385.248002232
388.167300001
391.096816148
394.036586435
396.98664675
399.947033106
402.917781644
405.898928629
408.890510453
411.892563638
414.905124831
417.928230807
420.961918472
424.00622486
427.061187133
430.126842586
433.203228641
436.290382854
439.38834291
442.497146627
445.616831956
448.747436979
451.888999913
455.041559106
458.205153044
461.379820343
464.565599759
467.762530179
470.97065063
474.190000272
477.420618404
480.662544462
483.91581802
487.18047879
490.456566624
493.744121512
497.043183584
500.353793111
503.675990505
507.009816319
510.355311247
513.712516127
517.081471939
520.462219805
523.854800992
527.259256913
530.675629123
534.103959323
537.544289361
540.996661231
544.461117072
547.937699173
551.42644997
554.927412046
558.440628135
561.966141118
565.503994029
569.05423005
572.616892515
576.192024909
579.77967087
583.379874187
586.992678804
590.618128818
594.256268479
597.907142193
