315.846307703
318.078879862
320.322051209
322.575872056
324.840392954
327.115664696
329.401738313
331.69866508
334.006496516
336.325284381
338.655080685
340.995937681
343.347907871
345.711044009
348.085399094
350.471026381
352.867979376
355.276311837
357.696077781
360.127331477
362.570127455
365.024520501
367.490565663
369.968318248
372.457833828
374.959168236
377.472377571
379.997518198
382.534646751
385.08382013
387.645095505
390.218530321
392.80418229
395.402109401
398.012369919
400.635022382
403.270125609
405.917738696
408.577921019
411.250732238
413.936232293
416.63448141
419.345540101
422.069469164
424.806329685
427.556183042
430.319090901
433.095115222
435.88431826
438.686762563
441.502510977
444.331626646
447.174173013
450.030213821
452.899813118
455.783035254
458.679944882
461.590606966
464.515086775
467.453449889
470.405762197
473.372089903
476.352499523
479.347057889
482.355832151
485.378889775
488.416298549
491.468126581
494.534442303
497.615314471
500.710812167
503.8210048
506.94596211
510.085754164
513.240451366
516.410124449
519.594844485
522.79468288
526.009711381
529.240002074
532.485627387
535.74666009
539.0231733
542.31524048
545.62293544
548.94633234
552.285505695
555.640530367
559.011481579
562.398434907
565.801466286
569.22065201
572.656068736
576.107793485
579.575903641
583.060476955
586.561591547
590.079325909
593.613758901
597.16496976
