423.057505262
424.538352244
426.024382585
427.515614426
429.012065974
430.513755497
432.020701329
433.532921866
435.050435571
436.573260969
438.101416652
439.634921275
441.17379356
442.718052294
444.267716329
445.822804584
447.383336043
448.949329758
450.520804847
452.097780494
453.680275952
455.268310539
456.861903643
458.461074717
460.065843285
461.676228939
463.292251337
464.913930208
466.541285349
468.174336627
469.813103979
471.457607411
473.107866997
474.763902886
476.425735293
478.093384505
479.766870882
481.446214854
483.13143692
484.822557655
486.519597703
488.222577781
489.931518679
491.64644126
493.367366458
495.094315282
496.827308815
498.566368212
500.311514704
502.062769594
503.820154261
505.58369016
507.353398817
509.129301838
510.911420902
512.699777764
514.494394257
516.295292286
518.102493839
519.916020974
521.735895833
523.562140629
525.394777658
527.233829292
529.079317979
530.93126625
532.789696711
534.654632049
536.52609503
538.4041085
540.288695384
542.179878688
544.077681498
545.982126982
547.893238386
549.811039041
551.735552358
553.66680183
555.604811031
557.54960362
559.501203336
561.459634004
563.424919529
565.397083903
567.376151199
569.362145577
571.355091279
573.355012633
575.361934053
577.375880036
579.396875167
581.424944116
583.46011164
585.502402581
587.551841869
589.608454522
591.672265644
593.743300428
595.821584155
597.907142193
