353.006406164
355.055189551
357.111609135
359.175693372
361.247470829
363.326970178
365.414220195
367.509249768
369.612087888
371.722763657
373.841306284
375.967745089
378.102109498
380.244429048
382.394733387
384.553052273
386.719415574
388.89385327
391.076395453
393.267072325
395.465914204
397.672951519
399.888214811
402.111734737
404.343542068
406.583667688
408.832142599
411.088997914
413.354264866
415.627974803
417.91015919
420.200849608
422.500077756
424.807875453
427.124274634
429.449307355
431.78300579
434.125402234
436.4765291
438.836418926
441.205104366
443.5826182
445.968993327
448.364262771
450.768459678
453.181617316
455.60376908
458.034948487
460.475189179
462.924524925
465.382989617
467.850617277
470.327442049
472.81349821
475.308820158
477.813442426
480.327399669
482.850726677
485.383458365
487.925629781
490.477276102
493.038432637
495.609134825
498.189418239
500.779318583
503.378871695
505.988113544
508.607080238
511.235808014
513.874333247
516.522692447
519.18092226
521.849059468
524.527140991
527.215203884
529.913285344
532.621422703
535.339653433
538.068015147
540.806545596
543.555282673
546.314264412
549.083528988
551.863114719
554.653060064
557.453403628
560.264184156
563.085440542
565.917211821
568.759537174
571.61245593
574.476007562
577.350231692
580.235168087
583.130856665
586.037337491
588.954650779
591.882836894
594.82193635
597.771989812
