408.53652872
410.915219697
413.303492137
415.701384627
418.108935913
420.526184896
422.953170632
425.389932336
427.83650938
430.292941295
432.759267771
435.235528658
437.721763965
440.218013863
442.724318686
445.240718928
447.767255248
450.303968468
452.850899573
455.408089715
457.975580211
460.553412543
463.141628362
465.740269485
468.349377899
470.968995758
473.599165387
476.239929281
478.891330106
481.5534107
484.226214073
486.909783408
489.604162063
492.309393569
495.025521633
497.752590138
500.490643143
503.239724884
505.999879777
508.771152415
511.553587571
514.347230198
517.15212543
519.968318582
522.795855154
525.634780825
528.48514146
531.346983111
534.22035201
537.10529458
540.001857427
542.910087348
545.830031325
548.761736532
551.705250331
554.660620275
557.627894109
560.607119768
563.598345383
566.601619276
569.616989966
572.644506165
575.684216781
578.73617092
581.800417886
584.87700718
587.965988503
591.067411754
594.181327037
597.307784654
600.44683511
603.598529113
606.762917578
609.94005162
613.129982564
616.332761938
619.54844148
622.777073135
626.018709056
629.273401609
632.541203366
635.822167115
639.116345853
642.423792792
645.744561359
649.078705192
652.426278149
655.787334303
659.161927944
662.550113581
665.951945942
669.367479975
672.796770849
676.239873957
679.696844911
683.16773955
686.652613935
690.151524354
693.664527322
697.19167958
