468.285974364
470.172298736
472.066221188
473.96777232
475.876982856
477.793883644
479.718505658
481.650879992
483.591037871
485.539010641
487.494829776
489.458526877
491.430133673
493.409682019
495.397203898
497.392731424
499.396296838
501.407932512
503.427670948
505.45554478
507.491586771
509.535829817
511.588306948
513.649051324
515.718096241
517.795475128
519.881221549
521.975369202
524.077951922
526.189003679
528.308558581
530.436650873
532.573314937
534.718585293
536.872496602
539.035083664
541.206381418
543.386424943
545.575249461
547.772890336
549.979383073
552.19476332
554.419066868
556.652329655
558.89458776
561.14587741
563.406234976
565.675696975
567.954300074
570.242081084
572.539076967
574.845324831
577.160861936
579.485725691
581.819953654
584.163583537
586.516653203
588.879200664
591.251264091
593.632881803
596.024092276
598.424934141
600.835446184
603.255667347
605.685636728
608.125393584
610.574977328
613.034427534
615.503783934
617.983086418
620.47237504
622.971690014
625.481071714
628.000560679
630.53019761
633.070023371
635.620078991
638.180405667
640.751044756
643.332037786
645.923426452
648.525252613
651.137558301
653.760385714
656.39377722
659.037775361
661.692422846
664.357762557
667.033837549
669.720691051
672.418366465
675.126907368
677.846357511
680.576760823
683.318161409
686.070603551
688.83413171
691.608790525
694.394624816
697.19167958
