283.756227366
286.384657542
289.022884463
291.670944639
294.328874718
296.996711484
299.674491857
302.362252897
305.060031799
307.767865898
310.485792669
313.213849726
315.952074821
318.700505851
321.459180849
324.228137994
327.007415605
329.797052144
332.597086217
335.407556573
338.228502106
341.059961854
343.901975002
346.754580879
349.617818962
352.491728873
355.376350385
358.271723417
361.177888035
364.094884458
367.022753053
369.961534336
372.911268976
375.871997792
378.843761757
381.826601994
384.820559781
387.82567655
390.841993885
393.869553528
396.908397373
399.958567474
403.020106038
406.093055431
409.177458177
412.273356958
415.380794615
418.499814147
421.630458716
424.772771643
427.92679641
431.092576662
434.270156206
437.459579012
440.660889215
443.874131112
447.099349167
450.336588009
453.585892432
456.847307399
460.12087804
463.40664965
466.704667697
470.014977816
473.337625812
476.67265766
480.020119509
483.380057676
486.752518653
490.137549105
493.53519587
496.94550596
500.368526563
503.804305042
507.252888937
510.714325965
514.188664021
517.675951175
521.176235682
524.689565971
528.215990655
531.755558525
535.308318557
538.874319906
542.453611914
546.046244101
549.652266178
553.271728035
556.904679752
560.551171593
564.211254011
567.884977645
571.572393324
575.273552064
578.988505075
582.717303752
586.459999687
590.21664466
593.987290646
597.771989812
