492.158463709
493.895306521
495.638278523
497.387401343
499.142696684
500.904186327
502.671892129
504.445836024
506.226040024
508.012526218
509.805316774
511.604433937
513.40990003
515.221737457
517.0399687
518.864616318
520.695702954
522.533251326
524.377284237
526.227824566
528.084895277
529.94851941
531.818720091
533.695520525
535.578943999
537.469013883
539.36575363
541.269186773
543.179336931
545.096227804
547.019883178
548.95032692
550.887582984
552.831675407
554.782628311
556.740465903
558.705212476
560.676892407
562.655530162
564.641150289
566.633777427
568.6334363
570.640151718
572.653948581
574.674851875
576.702886674
578.738078141
580.78045153
582.830032179
584.88684552
586.950917073
589.022272447
591.100937344
593.186937553
595.280298957
597.381047529
599.489209335
601.60481053
603.727877363
605.858436177
607.996513406
610.142135577
612.295329312
614.456121326
616.624538429
618.800607524
620.98435561
623.175809782
625.374997229
627.581945236
629.796681185
632.019232555
634.249626921
636.487891955
638.734055427
640.988145206
643.250189258
645.520215647
647.798252537
650.084328192
652.378470975
654.680709349
656.991071876
659.309587221
661.636284149
663.971191527
666.314338323
668.665753607
671.025466552
673.393506435
675.769902635
678.154684633
680.547882018
682.94952448
685.359641814
687.778263923
690.205420811
692.641142591
695.085459482
697.538401807
