434.672272525
436.748415769
438.834474805
440.930496984
443.036529881
445.152621299
447.278819271
449.415172056
451.561728146
453.718536263
455.885645361
458.06310463
460.250963492
462.449271606
464.658078869
466.877435415
469.107391617
471.347998089
473.599305687
475.861365509
478.134228896
480.417947435
482.71257296
485.018157551
487.334753537
489.662413497
492.00119026
494.351136907
496.712306775
499.084753452
501.468530783
503.863692871
506.270294076
508.688389017
511.118032575
513.559279892
516.012186373
518.476807687
520.953199769
523.441418823
525.941521317
528.453563991
530.977603857
533.513698196
536.061904563
538.622280789
541.194884981
543.77977552
546.37701107
548.986650572
551.608753248
554.243378605
556.890586431
559.550436801
562.222990075
564.908306905
567.606448226
570.317475269
573.041449554
575.778432897
578.528487406
581.291675487
584.068059844
586.857703478
589.660669694
592.477022095
595.306824591
598.150141393
601.007037022
603.877576305
606.761824377
609.659846686
612.57170899
615.497477363
618.437218192
621.390998182
624.358884354
627.340944051
630.337244937
633.347854997
636.372842541
639.412276205
642.466224953
645.534758076
648.617945196
651.715856269
654.828561581
657.956131757
661.098637756
664.256150876
667.428742755
670.616485373
673.819451052
677.037712461
680.271342614
683.520414872
686.785002948
690.065180904
693.361023159
696.672604481
