489.484548211
491.238719456
492.999176906
494.765943087
496.539040602
498.318492139
500.104320465
501.896548429
503.695198961
505.500295075
507.311859865
509.129916511
510.954488273
512.785598496
514.623270608
516.467528121
518.31839463
520.175893818
522.040049448
523.910885373
525.788425527
527.672693933
529.563714699
531.461512019
533.366110174
535.277533531
537.195806546
539.120953761
541.052999807
542.991969403
544.937887356
546.890778563
548.850668008
550.817580766
552.791542003
554.772576973
556.76071102
558.755969582
560.758378185
562.767962448
564.784748081
566.808760886
568.840026758
570.878571685
572.924421746
574.977603117
577.038142065
579.106064952
581.181398233
583.26416846
585.354402278
587.45212643
589.557367752
591.670153177
593.790509736
595.918464555
598.054044857
600.197277965
602.348191296
604.506812368
606.673168798
608.847288298
611.029198684
613.218927869
615.416503867
617.62195479
619.835308854
622.056594374
624.285839767
626.523073552
628.768324349
631.021620881
633.282991975
635.55246656
637.830073669
640.115842438
642.409802109
644.711982028
647.022411646
649.341120519
651.668138309
654.003494785
656.347219822
658.699343401
661.059895613
663.428906654
665.80640683
668.192426554
670.586996349
672.990146847
675.401908789
677.822313027
680.251390523
682.68917235
685.135689692
687.590973846
690.055056218
692.52796833
695.009741814
697.500408418
