  693.883032985876     
   690.320445555083     
   686.770791629952     
   683.234024268239     
   679.710096697938     
   676.198962316664     
   672.700574691047     
   669.214887556112     
   665.741854814676     
   662.281430536736     
   658.833568958869     
   655.398224483627     
   651.975351678934     
   648.564905277495     
   645.166840176191     
   641.781111435492     
   638.407674278860     
   635.046484092164     
   631.697496423087     
   628.360666980547     
   625.035951634106     
   621.723306413395     
   618.422687507532     
   615.134051264546     
   611.857354190798     
   608.592552950414     
   605.339604364710     
   602.098465411624     
   598.869093225149     
   595.651445094770     
   592.445478464898     
   589.251150934311     
   586.068420255595     
   582.897244334589     
   579.737581229826     
   576.589389151985     
   573.452626463337     
   570.327251677196     
   567.213223457376     
   564.110500617641     
   561.019042121168     
   557.938807079998     
   554.869754754507     
   551.811844552858     
   548.765036030477     
   545.729288889512     
   542.704562978302     
   539.690818290853     
   536.688014966306     
   533.696113288413     
   530.715073685012     
   527.744856727507     
   524.785423130348     
   521.836733750512     
   518.898749586985     
   515.971431780253     
   513.054741611785     
   510.148640503523     
   507.253090017375     
   504.368051854707     
   501.493487855838     
   498.629359999536     
   495.775630402518     
   492.932261318949     
   490.099215139944     
   487.276454393075     
   484.463941741870     
   481.661639985329     
   478.869512057427     
   476.087521026626     
   473.315630095392     
   470.553802599704     
   467.802002008573     
   465.060191923559     
   462.328336078294     
   459.606398337999     
   456.894342699009     
   454.192133288299     
   451.499734363011     
   448.817110309980     
   446.144225645265     
   443.481045013681     
   440.827533188335     
   438.183655070155     
   435.549375687434     
   432.924660195363     
   430.309473875574     
   427.703782135681     
   425.107550508822     
   422.520744653209     
   419.943330351668     
   417.375273511193     
   414.816540162492     
   412.267096459542     
   409.726908679139     
   407.195943220457     
   404.674166604600     
   402.161545474163     
   399.658046592790     
   397.163636844737     
   394.678283234435     
   392.201952886050     
   389.734613043056     
   387.276231067797     
   384.826774441058     
   382.386210761638     
   379.954507745916     
   377.531633227433     
   375.117555156460     
   372.712241599579     
   370.315660739262     
   367.927780873448     
   365.548570415123     
   363.177997891911     
   360.816031945649     
   358.462641331978     
   356.117794919930     
   353.781461691517     
   351.453610741318     
   348.546005780863     
