   791.723424598825     
   786.918271557493     
   782.133842726664     
   777.370048755274     
   772.626800677042     
   767.904009908816     
   763.201588248934     
   758.519447875584     
   753.857501345172     
   749.215661590707     
   744.593841920177     
   739.991956014941     
   735.409917928132     
   730.847642083056     
   726.305043271604     
   721.782036652671     
   717.278537750581     
   712.794462453518     
   708.329727011964     
   703.884248037141     
   699.457942499467     
   695.050727727010     
   690.662521403956     
   686.293241569075     
   681.942806614201     
   677.611135282719     
   673.298146668050     
   669.003760212148     
   664.727895704010     
   660.470473278177     
   656.231413413253     
   652.010636930430     
   647.808064992013     
   643.623619099954     
   639.457221094398     
   635.308793152223     
   631.178257785601     
   627.065537840549     
   622.970556495502     
   618.893237259884     
   614.833503972678     
   610.791280801021     
   606.766492238786     
   602.759063105180     
   598.768918543348     
   594.795984018977     
   590.840185318913     
   586.901448549781     
   582.979700136608     
   579.074866821454     
   575.186875662054     
   571.315654030455     
   567.461129611671     
   563.623230402332     
   559.801884709348     
   555.997021148573     
   552.208568643479     
   548.436456423831     
   544.680614024373     
   540.940971283514     
   537.217458342022     
   533.510005641728     
   529.818543924226     
   526.143004229587     
   522.483317895077     
   518.839416553876     
   515.211232133805     
   511.598696856062     
   508.001743233957     
   504.420304071659     
   500.854312462942     
   497.303701789941     
   493.768405721910     
   490.248358213989     
   486.743493505975     
   483.253746121092     
   479.779050864781     
   476.319342823476     
   472.874557363401     
   469.444630129368     
   466.029497043571     
   462.629094304401     
   459.243358385252     
   455.872226033340     
   452.515634268524     
   449.173520382136     
   445.845821935806     
   442.532476760307     
   439.233422954391     
   435.948598883639     
   432.677943179311     
   429.421394737202     
   426.178892716509     
   422.950376538689     
   419.735785886337     
   416.535060702059     
   413.348141187354     
   410.174967801500     
   407.015481260443     
   403.869622535694     
   400.737332853228     
   397.618553692389     
   394.513226784798     
   391.421294113271     
   388.342697910733     
   385.277380659144     
   382.225285088427     
   379.186354175399     
   376.160531142710     
   373.147759457783     
   370.147982831761     
   367.161145218459     
   364.187190813316     
   361.226064052357     
   358.277709611159     
   355.342072403815     
   352.419097581911     
   349.508730533499     
   346.610916882087     
   342.829921296321     
