  791.028305570384     
   785.531031492286     
   780.057466695816     
   774.607508964863     
   769.181056523374     
   763.778008033463     
   758.398262593540     
   753.041719736432     
   747.708279427532     
   742.397842062934     
   737.110308467597     
   731.845579893499     
   726.603558017812     
   721.384144941076     
   716.187243185382     
   711.012755692571     
   705.860585822428     
   700.730637350893     
   695.622814468275     
   690.537021777478     
   685.473164292225     
   680.431147435304     
   675.410877036805     
   670.412259332382     
   665.435200961505     
   660.479608965732     
   655.545390786983     
   650.632454265824     
   645.740707639752     
   640.870059541496     
   636.020418997320     
   631.191695425333     
   626.383798633809     
   621.596638819510     
   616.830126566022     
   612.084172842091     
   607.358688999975     
   602.653586773790     
   597.968778277878     
   593.304176005170     
   588.659692825563     
   584.035241984302     
   579.430737100365     
   574.846092164862     
   570.281221539434     
   565.736039954664     
   561.210462508492     
   556.704404664637     
   552.217782251026     
   547.750511458231     
   543.302508837908     
   538.873691301250     
   534.463976117440     
   530.073280912115     
   525.701523665832     
   521.348622712547     
   517.014496738092     
   512.699064778667     
   508.402246219334     
   504.123960792517     
   499.864128576508     
   495.622669993983     
   491.399505810525     
   487.194557133141     
   483.007745408805     
   478.838992422990     
   474.688220298216     
   470.555351492602     
   466.440308798422     
   462.343015340667     
   458.263394575618     
   454.201370289422     
   450.156866596670     
   446.129807938990     
   442.120119083636     
   438.127725122092     
   434.152551468678     
   430.194523859156     
   426.253568349357     
   422.329611313798     
   418.422579444312     
   414.532399748687     
   410.658999549306     
   406.802306481792     
   402.962248493663     
   399.138753842989     
   395.331751097058     
   391.541169131045     
   387.766937126689     
   384.008984570972     
   380.267241254809     
   376.541637271737     
   372.832103016617     
   369.138569184335     
   365.460966768513     
   361.799227060223     
   358.153281646706     
   354.523062410103     
   350.908501526179     
   347.309531463064     
   343.726084979995     
   340.158095126063     
   336.605495238963     
   333.068218943757     
   329.546200151635     
   326.039373058683     
   322.547672144657     
   319.071032171765     
   315.609388183448     
   312.162675503172     
   308.730829733221     
   305.313786753500     
   301.911482720335     
   298.523854065289     
   295.150837493974     
   291.792369984873     
   288.448388788162     
   285.118831424547     
   281.803635684092     
   277.478041096663     
